Timestamp,position,BLMTI.04R5.B2I10_TCTPH.4R5.B2
1459600170510,-9.55,0.0
1459600170520,-9.55,7.240000000000001e-07
1459600170530,-9.55,0.0
1459600170540,-9.55,3.6200000000000004e-07
1459600170550,-9.55,0.0
1459600170560,-9.55,1.0859999999999999e-06
1459600170570,-9.55,3.6200000000000004e-07
1459600170580,-9.55,3.6200000000000004e-07
1459600170590,-9.55,0.0
1459600170600,-9.55,7.240000000000001e-07
1459600170610,-9.55,0.0
1459600170620,-9.55,3.6200000000000004e-07
1459600170630,-9.55,0.0
1459600170640,-9.55,3.6200000000000004e-07
1459600170650,-9.55,0.0
1459600170660,-9.55,1.0859999999999999e-06
1459600170670,-9.55,0.0
1459600170680,-9.55,7.240000000000001e-07
1459600170690,-9.55,0.0
1459600170700,-9.55,3.6200000000000004e-07
1459600170710,-9.55,0.0
1459600170720,-9.55,7.240000000000001e-07
1459600170730,-9.55,0.0
1459600170740,-9.55,7.240000000000001e-07
1459600170750,-9.55,0.0
1459600170760,-9.55,0.0
1459600170770,-9.55,0.0
1459600170780,-9.55,7.240000000000001e-07
1459600170790,-9.55,0.0
1459600170800,-9.55,7.240000000000001e-07
1459600170810,-9.55,0.0
1459600170820,-9.55,3.6200000000000004e-07
1459600170830,-9.55,0.0
1459600170840,-9.55,1.0859999999999999e-06
1459600170850,-9.55,0.0
1459600170860,-9.55,0.0
1459600170870,-9.55,0.0
1459600170880,-9.55,7.240000000000001e-07
1459600170890,-9.55,0.0
1459600170900,-9.55,0.0
1459600170910,-9.55,3.6200000000000004e-07
1459600170920,-9.55,3.6200000000000004e-07
1459600170930,-9.55,0.0
1459600170940,-9.55,3.6200000000000004e-07
1459600170950,-9.55,0.0
1459600170960,-9.55,3.6200000000000004e-07
1459600170970,-9.55,0.0
1459600170980,-9.55,3.6200000000000004e-07
1459600170990,-9.55,3.6200000000000004e-07
1459600171000,-9.55,3.6200000000000004e-07
1459600171010,-9.55,0.0
1459600171020,-9.55,3.6200000000000004e-07
1459600171030,-9.55,0.0
1459600171040,-9.55,7.240000000000001e-07
1459600171050,-9.55,0.0
1459600171060,-9.55,0.0
1459600171070,-9.55,3.6200000000000004e-07
1459600171080,-9.55,7.240000000000001e-07
1459600171090,-9.55,0.0
1459600171100,-9.55,1.0859999999999999e-06
1459600171110,-9.55,0.0
1459600171120,-9.55,0.0
1459600171130,-9.55,0.0
1459600171140,-9.55,3.6200000000000004e-07
1459600171150,-9.55,0.0
1459600171160,-9.55,7.240000000000001e-07
1459600171170,-9.55,0.0
1459600171180,-9.55,7.240000000000001e-07
1459600171190,-9.55,0.0
1459600171200,-9.55,7.240000000000001e-07
1459600171210,-9.55,0.0
1459600171220,-9.55,3.6200000000000004e-07
1459600171230,-9.55,0.0
1459600171240,-9.55,1.4480000000000002e-06
1459600171250,-9.55,0.0
1459600171260,-9.55,0.0
1459600171270,-9.55,0.0
1459600171280,-9.55,3.6200000000000004e-07
1459600171290,-9.55,0.0
1459600171300,-9.55,3.6200000000000004e-07
1459600171310,-9.55,0.0
1459600171320,-9.55,3.6200000000000004e-07
1459600171330,-9.55,0.0
1459600171340,-9.55,3.6200000000000004e-07
1459600171350,-9.55,0.0
1459600171360,-9.55,3.6200000000000004e-07
1459600171370,-9.55,7.240000000000001e-07
1459600171380,-9.55,0.0
1459600171390,-9.55,7.240000000000001e-07
1459600171400,-9.55,3.6200000000000004e-07
1459600171410,-9.55,0.0
1459600171420,-9.55,3.6200000000000004e-07
1459600171430,-9.55,3.6200000000000004e-07
1459600171440,-9.55,3.6200000000000004e-07
1459600171450,-9.55,3.6200000000000004e-07
1459600171460,-9.55,1.0859999999999999e-06
1459600171470,-9.55,0.0
1459600171480,-9.55,7.240000000000001e-07
1459600171490,-9.55,0.0
1459600171500,-9.55,0.0
1459600171510,-9.55,0.0
1459600171520,-9.55,7.240000000000001e-07
1459600171530,-9.55,0.0
1459600171540,-9.55,7.240000000000001e-07
1459600171550,-9.55,0.0
1459600171560,-9.55,7.240000000000001e-07
1459600171570,-9.55,0.0
1459600171580,-9.55,7.240000000000001e-07
1459600171590,-9.55,0.0
1459600171600,-9.55,7.240000000000001e-07
1459600171610,-9.55,0.0
1459600171620,-9.55,0.0
1459600171630,-9.55,3.6200000000000004e-07
1459600171640,-9.55,1.0859999999999999e-06
1459600171650,-9.55,0.0
1459600171660,-9.55,0.0
1459600171670,-9.55,0.0
1459600171680,-9.55,3.6200000000000004e-07
1459600171690,-9.55,0.0
1459600171700,-9.55,1.0859999999999999e-06
1459600171710,-9.55,0.0
1459600171720,-9.55,7.240000000000001e-07
1459600171730,-9.55,0.0
1459600171740,-9.55,0.0
1459600171750,-9.55,3.6200000000000004e-07
1459600171760,-9.55,3.6200000000000004e-07
1459600171770,-9.55,0.0
1459600171780,-9.55,3.6200000000000004e-07
1459600171790,-9.55,0.0
1459600171800,-9.55,7.240000000000001e-07
1459600171810,-9.55,0.0
1459600171820,-9.55,3.6200000000000004e-07
1459600171830,-9.55,0.0
1459600171840,-9.55,3.6200000000000004e-07
1459600171850,-9.55,0.0
1459600171860,-9.55,1.0859999999999999e-06
1459600171870,-9.55,0.0
1459600171880,-9.55,0.0
1459600171890,-9.55,0.0
1459600171900,-9.55,1.0859999999999999e-06
1459600171910,-9.55,0.0
1459600171920,-9.55,3.6200000000000004e-07
1459600171930,-9.55,0.0
1459600171940,-9.55,0.0
1459600171950,-9.55,3.6200000000000004e-07
1459600171960,-9.55,3.6200000000000004e-07
1459600171970,-9.55,0.0
1459600171980,-9.55,1.0859999999999999e-06
1459600171990,-9.55,0.0
1459600172000,-9.55,0.0
1459600172010,-9.55,1.0859999999999999e-06
1459600172020,-9.55,0.0
1459600172030,-9.55,3.6200000000000004e-07
1459600172040,-9.55,3.6200000000000004e-07
1459600172050,-9.55,0.0
1459600172060,-9.55,7.240000000000001e-07
1459600172070,-9.55,0.0
1459600172080,-9.55,3.6200000000000004e-07
1459600172090,-9.55,0.0
1459600172100,-9.55,7.240000000000001e-07
1459600172110,-9.55,0.0
1459600172120,-9.55,3.6200000000000004e-07
1459600172130,-9.55,3.6200000000000004e-07
1459600172140,-9.55,3.6200000000000004e-07
1459600172150,-9.55,0.0
1459600172160,-9.55,3.6200000000000004e-07
1459600172170,-9.55,3.6200000000000004e-07
1459600172180,-9.55,3.6200000000000004e-07
1459600172190,-9.55,0.0
1459600172200,-9.55,7.240000000000001e-07
1459600172210,-9.55,3.6200000000000004e-07
1459600172220,-9.55,7.240000000000001e-07
1459600172230,-9.55,0.0
1459600172240,-9.55,3.6200000000000004e-07
1459600172250,-9.55,0.0
1459600172260,-9.55,3.6200000000000004e-07
1459600172270,-9.55,0.0
1459600172280,-9.55,7.240000000000001e-07
1459600172290,-9.55,3.6200000000000004e-07
1459600172300,-9.55,7.240000000000001e-07
1459600172310,-9.55,0.0
1459600172320,-9.55,3.6200000000000004e-07
1459600172330,-9.55,0.0
1459600172340,-9.55,1.4480000000000002e-06
1459600172350,-9.55,0.0
1459600172360,-9.55,3.6200000000000004e-07
1459600172370,-9.55,0.0
1459600172380,-9.55,1.81e-06
1459600172390,-9.55,0.0
1459600172400,-9.55,3.6200000000000004e-07
1459600172410,-9.55,0.0
1459600172420,-9.55,0.0
1459600172430,-9.55,0.0
1459600172440,-9.55,3.6200000000000004e-07
1459600172450,-9.55,0.0
1459600172460,-9.55,0.0
1459600172470,-9.55,3.6200000000000004e-07
1459600172480,-9.55,0.0
1459600172490,-9.55,0.0
1459600172500,-9.55,3.6200000000000004e-07
1459600172510,-9.55,3.6200000000000004e-07
1459600172520,-9.55,0.0
1459600172530,-9.55,0.0
1459600172540,-9.55,7.240000000000001e-07
1459600172550,-9.55,0.0
1459600172560,-9.55,3.6200000000000004e-07
1459600172570,-9.55,3.6200000000000004e-07
1459600172580,-9.55,7.240000000000001e-07
1459600172590,-9.55,3.6200000000000004e-07
1459600172600,-9.55,3.6200000000000004e-07
1459600172610,-9.55,3.6200000000000004e-07
1459600172620,-9.55,0.0
1459600172630,-9.55,0.0
1459600172640,-9.55,7.240000000000001e-07
1459600172650,-9.55,3.6200000000000004e-07
1459600172660,-9.55,7.240000000000001e-07
1459600172670,-9.55,0.0
1459600172680,-9.55,0.0
1459600172690,-9.55,0.0
1459600172700,-9.55,7.240000000000001e-07
1459600172710,-9.55,0.0
1459600172720,-9.55,7.240000000000001e-07
1459600172730,-9.55,0.0
1459600172740,-9.55,7.240000000000001e-07
1459600172750,-9.55,0.0
1459600172760,-9.55,0.0
1459600172770,-9.55,0.0
1459600172780,-9.55,7.240000000000001e-07
1459600172790,-9.55,3.6200000000000004e-07
1459600172800,-9.55,1.0859999999999999e-06
1459600172810,-9.55,0.0
1459600172820,-9.55,3.6200000000000004e-07
1459600172830,-9.55,0.0
1459600172840,-9.55,7.240000000000001e-07
1459600172850,-9.55,0.0
1459600172860,-9.55,7.240000000000001e-07
1459600172870,-9.55,3.6200000000000004e-07
1459600172880,-9.55,0.0
1459600172890,-9.55,0.0
1459600172900,-9.55,7.240000000000001e-07
1459600172910,-9.55,0.0
1459600172920,-9.55,0.0
1459600172930,-9.55,0.0
1459600172940,-9.55,7.240000000000001e-07
1459600172950,-9.55,0.0
1459600172960,-9.55,0.0
1459600172970,-9.55,3.6200000000000004e-07
1459600172980,-9.55,0.0
1459600172990,-9.55,3.6200000000000004e-07
1459600173000,-9.55,0.0
1459600173010,-9.55,3.6200000000000004e-07
1459600173020,-9.55,3.6200000000000004e-07
1459600173030,-9.55,0.0
1459600173040,-9.55,7.240000000000001e-07
1459600173050,-9.55,0.0
1459600173060,-9.55,7.240000000000001e-07
1459600173070,-9.55,0.0
1459600173080,-9.55,3.6200000000000004e-07
1459600173090,-9.55,0.0
1459600173100,-9.55,1.0859999999999999e-06
1459600173110,-9.55,3.6200000000000004e-07
1459600173120,-9.55,1.4480000000000002e-06
1459600173130,-9.55,0.0
1459600173140,-9.55,0.0
1459600173150,-9.55,0.0
1459600173160,-9.55,7.240000000000001e-07
1459600173170,-9.55,0.0
1459600173180,-9.55,1.0859999999999999e-06
1459600173190,-9.55,0.0
1459600173200,-9.55,3.6200000000000004e-07
1459600173210,-9.55,3.6200000000000004e-07
1459600173220,-9.55,3.6200000000000004e-07
1459600173230,-9.55,0.0
1459600173240,-9.55,0.0
1459600173250,-9.55,3.6200000000000004e-07
1459600173260,-9.55,3.6200000000000004e-07
1459600173270,-9.55,0.0
1459600173280,-9.55,7.240000000000001e-07
1459600173290,-9.55,0.0
1459600173300,-9.55,7.240000000000001e-07
1459600173310,-9.55,0.0
1459600173320,-9.55,3.6200000000000004e-07
1459600173330,-9.55,7.240000000000001e-07
1459600173340,-9.55,0.0
1459600173350,-9.55,0.0
1459600173360,-9.55,1.0859999999999999e-06
1459600173370,-9.55,0.0
1459600173380,-9.55,0.0
1459600173390,-9.55,0.0
1459600173400,-9.55,7.240000000000001e-07
1459600173410,-9.55,3.6200000000000004e-07
1459600173420,-9.55,0.0
1459600173430,-9.55,3.6200000000000004e-07
1459600173440,-9.55,0.0
1459600173450,-9.55,7.240000000000001e-07
1459600173460,-9.55,0.0
1459600173470,-9.55,0.0
1459600173480,-9.55,1.0859999999999999e-06
1459600173490,-9.55,0.0
1459600173500,-9.55,7.240000000000001e-07
1459600173510,-9.55,0.0
1459600173520,-9.55,0.0
1459600173530,-9.55,0.0
1459600173540,-9.55,7.240000000000001e-07
1459600173550,-9.55,0.0
1459600173560,-9.55,7.240000000000001e-07
1459600173570,-9.55,0.0
1459600173580,-9.55,1.0859999999999999e-06
1459600173590,-9.55,0.0
1459600173600,-9.55,0.0
1459600173610,-9.55,3.6200000000000004e-07
1459600173620,-9.55,0.0
1459600173630,-9.55,0.0
1459600173640,-9.55,0.0
1459600173650,-9.55,3.6200000000000004e-07
1459600173660,-9.55,3.6200000000000004e-07
1459600173670,-9.55,0.0
1459600173680,-9.55,0.0
1459600173690,-9.55,3.6200000000000004e-07
1459600173700,-9.55,0.0
1459600173710,-9.55,0.0
1459600173720,-9.55,7.240000000000001e-07
1459600173730,-9.55,3.6200000000000004e-07
1459600173740,-9.55,3.6200000000000004e-07
1459600173750,-9.55,0.0
1459600173760,-9.55,7.240000000000001e-07
1459600173770,-9.55,0.0
1459600173780,-9.55,1.4480000000000002e-06
1459600173790,-9.55,0.0
1459600173800,-9.55,0.0
1459600173810,-9.55,0.0
1459600173820,-9.55,0.0
1459600173830,-9.55,3.6200000000000004e-07
1459600173840,-9.55,7.240000000000001e-07
1459600173850,-9.55,0.0
1459600173860,-9.55,0.0
1459600173870,-9.55,3.6200000000000004e-07
1459600173880,-9.55,1.0859999999999999e-06
1459600173890,-9.55,0.0
1459600173900,-9.55,0.0
1459600173910,-9.55,0.0
1459600173920,-9.55,1.4480000000000002e-06
1459600173930,-9.55,0.0
1459600173940,-9.55,3.6200000000000004e-07
1459600173950,-9.55,0.0
1459600173960,-9.55,1.4480000000000002e-06
1459600173970,-9.55,0.0
1459600173980,-9.55,0.0
1459600173990,-9.55,3.6200000000000004e-07
1459600174000,-9.55,0.0
1459600174010,-9.55,0.0
1459600174020,-9.55,7.240000000000001e-07
1459600174030,-9.55,0.0
1459600174040,-9.55,3.6200000000000004e-07
1459600174050,-9.55,0.0
1459600174060,-9.55,3.6200000000000004e-07
1459600174070,-9.55,0.0
1459600174080,-9.55,7.240000000000001e-07
1459600174090,-9.55,0.0
1459600174100,-9.55,7.240000000000001e-07
1459600174110,-9.55,0.0
1459600174120,-9.55,3.6200000000000004e-07
1459600174130,-9.55,7.240000000000001e-07
1459600174140,-9.55,0.0
1459600174150,-9.55,0.0
1459600174160,-9.55,0.0
1459600174170,-9.55,1.4480000000000002e-06
1459600174180,-9.55,0.0
1459600174190,-9.55,0.0
1459600174200,-9.55,3.6200000000000004e-07
1459600174210,-9.55,0.0
1459600174220,-9.55,0.0
1459600174230,-9.55,0.0
1459600174240,-9.55,3.6200000000000004e-07
1459600174250,-9.55,0.0
1459600174260,-9.55,3.6200000000000004e-07
1459600174270,-9.55,0.0
1459600174280,-9.55,3.6200000000000004e-07
1459600174290,-9.55,3.6200000000000004e-07
1459600174300,-9.55,7.240000000000001e-07
1459600174310,-9.55,0.0
1459600174320,-9.55,0.0
1459600174330,-9.55,0.0
1459600174340,-9.55,3.6200000000000004e-07
1459600174350,-9.55,3.6200000000000004e-07
1459600174360,-9.55,1.0859999999999999e-06
1459600174370,-9.55,0.0
1459600174380,-9.55,7.240000000000001e-07
1459600174390,-9.55,0.0
1459600174400,-9.55,0.0
1459600174410,-9.55,0.0
1459600174420,-9.55,3.6200000000000004e-07
1459600174430,-9.55,0.0
1459600174440,-9.55,1.4480000000000002e-06
1459600174450,-9.55,0.0
1459600174460,-9.55,0.0
1459600174470,-9.55,7.240000000000001e-07
1459600174480,-9.55,0.0
1459600174490,-9.55,0.0
1459600174500,-9.55,3.6200000000000004e-07
1459600174510,-9.55,0.0
1459600174520,-9.55,3.6200000000000004e-07
1459600174530,-9.55,0.0
1459600174540,-9.55,1.81e-06
1459600174550,-9.55,0.0
1459600174560,-9.55,0.0
1459600174570,-9.55,0.0
1459600174580,-9.55,0.0
1459600174590,-9.55,0.0
1459600174600,-9.55,3.6200000000000004e-07
1459600174610,-9.55,0.0
1459600174620,-9.55,7.240000000000001e-07
1459600174630,-9.55,3.6200000000000004e-07
1459600174640,-9.55,7.240000000000001e-07
1459600174650,-9.55,0.0
1459600174660,-9.55,0.0
1459600174670,-9.55,0.0
1459600174680,-9.55,7.240000000000001e-07
1459600174690,-9.55,0.0
1459600174700,-9.55,1.4480000000000002e-06
1459600174710,-9.55,0.0
1459600174720,-9.55,3.6200000000000004e-07
1459600174730,-9.55,0.0
1459600174740,-9.55,3.6200000000000004e-07
1459600174750,-9.55,0.0
1459600174760,-9.55,1.0859999999999999e-06
1459600174770,-9.55,0.0
1459600174780,-9.55,3.6200000000000004e-07
1459600174790,-9.55,0.0
1459600174800,-9.55,3.6200000000000004e-07
1459600174810,-9.55,0.0
1459600174820,-9.55,3.6200000000000004e-07
1459600174830,-9.55,3.6200000000000004e-07
1459600174840,-9.55,7.240000000000001e-07
1459600174850,-9.55,0.0
1459600174860,-9.55,1.4480000000000002e-06
1459600174870,-9.55,0.0
1459600174880,-9.55,3.6200000000000004e-07
1459600174890,-9.55,0.0
1459600174900,-9.55,0.0
1459600174910,-9.55,0.0
1459600174920,-9.55,1.0859999999999999e-06
1459600174930,-9.55,0.0
1459600174940,-9.55,0.0
1459600174950,-9.55,0.0
1459600174960,-9.55,7.240000000000001e-07
1459600174970,-9.55,0.0
1459600174980,-9.55,3.6200000000000004e-07
1459600174990,-9.55,3.6200000000000004e-07
1459600175000,-9.55,3.6200000000000004e-07
1459600175010,-9.55,3.6200000000000004e-07
1459600175020,-9.55,3.6200000000000004e-07
1459600175030,-9.55,0.0
1459600175040,-9.55,3.6200000000000004e-07
1459600175050,-9.55,0.0
1459600175060,-9.55,0.0
1459600175070,-9.55,7.240000000000001e-07
1459600175080,-9.55,0.0
1459600175090,-9.55,0.0
1459600175100,-9.55,0.0
1459600175110,-9.55,3.6200000000000004e-07
1459600175120,-9.55,3.6200000000000004e-07
1459600175130,-9.55,3.6200000000000004e-07
1459600175140,-9.55,0.0
1459600175150,-9.55,0.0
1459600175160,-9.55,0.0
1459600175170,-9.55,0.0
1459600175180,-9.55,1.0859999999999999e-06
1459600175190,-9.55,0.0
1459600175200,-9.55,3.6200000000000004e-07
1459600175210,-9.55,0.0
1459600175220,-9.55,7.240000000000001e-07
1459600175230,-9.55,1.0859999999999999e-06
1459600175240,-9.55,0.0
1459600175250,-9.55,0.0
1459600175260,-9.55,3.6200000000000004e-07
1459600175270,-9.55,3.6200000000000004e-07
1459600175280,-9.55,7.240000000000001e-07
1459600175290,-9.55,0.0
1459600175300,-9.55,0.0
1459600175310,-9.55,3.6200000000000004e-07
1459600175320,-9.55,3.6200000000000004e-07
1459600175330,-9.55,0.0
1459600175340,-9.55,7.240000000000001e-07
1459600175350,-9.55,0.0
1459600175360,-9.55,1.0859999999999999e-06
1459600175370,-9.55,0.0
1459600175380,-9.55,0.0
1459600175390,-9.55,0.0
1459600175400,-9.55,7.240000000000001e-07
1459600175410,-9.55,0.0
1459600175420,-9.55,7.240000000000001e-07
1459600175430,-9.55,0.0
1459600175440,-9.55,0.0
1459600175450,-9.55,0.0
1459600175460,-9.55,1.0859999999999999e-06
1459600175470,-9.55,0.0
1459600175480,-9.55,7.240000000000001e-07
1459600175490,-9.55,0.0
1459600175500,-9.55,0.0
1459600175510,-9.55,0.0
1459600175520,-9.55,3.6200000000000004e-07
1459600175530,-9.55,0.0
1459600175540,-9.55,1.0859999999999999e-06
1459600175550,-9.55,0.0
1459600175560,-9.55,3.6200000000000004e-07
1459600175570,-9.55,0.0
1459600175580,-9.55,3.6200000000000004e-07
1459600175590,-9.55,0.0
1459600175600,-9.55,3.6200000000000004e-07
1459600175610,-9.55,0.0
1459600175620,-9.55,3.6200000000000004e-07
1459600175630,-9.55,0.0
1459600175640,-9.55,7.240000000000001e-07
1459600175650,-9.55,0.0
1459600175660,-9.55,3.6200000000000004e-07
1459600175670,-9.55,0.0
1459600175680,-9.55,7.240000000000001e-07
1459600175690,-9.55,0.0
1459600175700,-9.55,0.0
1459600175710,-9.55,0.0
1459600175720,-9.55,7.240000000000001e-07
1459600175730,-9.55,0.0
1459600175740,-9.55,3.6200000000000004e-07
1459600175750,-9.55,0.0
1459600175760,-9.55,7.240000000000001e-07
1459600175770,-9.55,0.0
1459600175780,-9.55,3.6200000000000004e-07
1459600175790,-9.55,0.0
1459600175800,-9.55,1.0859999999999999e-06
1459600175810,-9.55,0.0
1459600175820,-9.55,0.0
1459600175830,-9.55,0.0
1459600175840,-9.55,3.6200000000000004e-07
1459600175850,-9.55,0.0
1459600175860,-9.55,7.240000000000001e-07
1459600175870,-9.55,0.0
1459600175880,-9.55,7.240000000000001e-07
1459600175890,-9.55,0.0
1459600175900,-9.55,1.4480000000000002e-06
1459600175910,-9.55,3.6200000000000004e-07
1459600175920,-9.55,3.6200000000000004e-07
1459600175930,-9.55,0.0
1459600175940,-9.55,3.6200000000000004e-07
1459600175950,-9.55,0.0
1459600175960,-9.55,7.240000000000001e-07
1459600175970,-9.55,0.0
1459600175980,-9.55,3.6200000000000004e-07
1459600175990,-9.55,0.0
1459600176000,-9.55,3.6200000000000004e-07
1459600176010,-9.55,0.0
1459600176020,-9.55,3.6200000000000004e-07
1459600176030,-9.55,0.0
1459600176040,-9.55,7.240000000000001e-07
1459600176050,-9.55,0.0
1459600176060,-9.55,7.240000000000001e-07
1459600176070,-9.55,0.0
1459600176080,-9.55,1.0859999999999999e-06
1459600176090,-9.55,0.0
1459600176100,-9.55,0.0
1459600176110,-9.55,0.0
1459600176120,-9.55,3.6200000000000004e-07
1459600176130,-9.55,0.0
1459600176140,-9.55,7.240000000000001e-07
1459600176150,-9.55,0.0
1459600176160,-9.55,7.240000000000001e-07
1459600176170,-9.55,0.0
1459600176180,-9.55,3.6200000000000004e-07
1459600176190,-9.55,3.6200000000000004e-07
1459600176200,-9.55,0.0
1459600176210,-9.55,3.6200000000000004e-07
1459600176220,-9.55,3.6200000000000004e-07
1459600176230,-9.55,3.6200000000000004e-07
1459600176240,-9.55,3.6200000000000004e-07
1459600176250,-9.55,0.0
1459600176260,-9.55,7.240000000000001e-07
1459600176270,-9.55,0.0
1459600176280,-9.55,0.0
1459600176290,-9.55,0.0
1459600176300,-9.55,1.4480000000000002e-06
1459600176310,-9.55,0.0
1459600176320,-9.55,0.0
1459600176330,-9.55,0.0
1459600176340,-9.55,7.240000000000001e-07
1459600176350,-9.55,0.0
1459600176360,-9.55,7.240000000000001e-07
1459600176370,-9.55,0.0
1459600176380,-9.55,7.240000000000001e-07
1459600176390,-9.55,0.0
1459600176400,-9.55,0.0
1459600176410,-9.55,7.240000000000001e-07
1459600176420,-9.55,1.0859999999999999e-06
1459600176430,-9.55,0.0
1459600176440,-9.55,0.0
1459600176450,-9.55,0.0
1459600176460,-9.55,3.6200000000000004e-07
1459600176470,-9.55,0.0
1459600176480,-9.55,7.240000000000001e-07
1459600176490,-9.55,0.0
1459600176500,-9.55,7.240000000000001e-07
1459600176510,-9.55,0.0
1459600176520,-9.55,3.6200000000000004e-07
1459600176530,-9.55,3.6200000000000004e-07
1459600176540,-9.55,7.240000000000001e-07
1459600176550,-9.55,0.0
1459600176560,-9.55,3.6200000000000004e-07
1459600176570,-9.55,0.0
1459600176580,-9.55,3.6200000000000004e-07
1459600176590,-9.55,0.0
1459600176600,-9.55,0.0
1459600176610,-9.55,0.0
1459600176620,-9.55,7.240000000000001e-07
1459600176630,-9.55,0.0
1459600176640,-9.55,0.0
1459600176650,-9.55,7.240000000000001e-07
1459600176660,-9.55,3.6200000000000004e-07
1459600176670,-9.55,3.6200000000000004e-07
1459600176680,-9.55,7.240000000000001e-07
1459600176690,-9.55,0.0
1459600176700,-9.55,3.6200000000000004e-07
1459600176710,-9.55,0.0
1459600176720,-9.55,3.6200000000000004e-07
1459600176730,-9.55,0.0
1459600176740,-9.55,7.240000000000001e-07
1459600176750,-9.55,0.0
1459600176760,-9.55,3.6200000000000004e-07
1459600176770,-9.55,0.0
1459600176780,-9.55,3.6200000000000004e-07
1459600176790,-9.55,0.0
1459600176800,-9.55,3.6200000000000004e-07
1459600176810,-9.55,7.240000000000001e-07
1459600176820,-9.55,7.240000000000001e-07
1459600176830,-9.55,0.0
1459600176840,-9.55,3.6200000000000004e-07
1459600176850,-9.55,0.0
1459600176860,-9.55,7.240000000000001e-07
1459600176870,-9.55,0.0
1459600176880,-9.55,0.0
1459600176890,-9.55,0.0
1459600176900,-9.55,3.6200000000000004e-07
1459600176910,-9.55,0.0
1459600176920,-9.55,3.6200000000000004e-07
1459600176930,-9.55,0.0
1459600176940,-9.55,1.0859999999999999e-06
1459600176950,-9.55,0.0
1459600176960,-9.55,3.6200000000000004e-07
1459600176970,-9.55,0.0
1459600176980,-9.55,3.6200000000000004e-07
1459600176990,-9.55,0.0
1459600177000,-9.55,7.240000000000001e-07
1459600177010,-9.55,0.0
1459600177020,-9.55,3.6200000000000004e-07
1459600177030,-9.55,3.6200000000000004e-07
1459600177040,-9.55,7.240000000000001e-07
1459600177050,-9.55,0.0
1459600177060,-9.55,7.240000000000001e-07
1459600177070,-9.55,0.0
1459600177080,-9.55,0.0
1459600177090,-9.55,3.6200000000000004e-07
1459600177100,-9.55,1.4480000000000002e-06
1459600177110,-9.55,0.0
1459600177120,-9.55,3.6200000000000004e-07
1459600177130,-9.55,0.0
1459600177140,-9.55,3.6200000000000004e-07
1459600177150,-9.55,0.0
1459600177160,-9.55,0.0
1459600177170,-9.55,0.0
1459600177180,-9.55,3.6200000000000004e-07
1459600177190,-9.55,0.0
1459600177200,-9.55,1.4480000000000002e-06
1459600177210,-9.55,0.0
1459600177220,-9.55,3.6200000000000004e-07
1459600177230,-9.55,0.0
1459600177240,-9.55,0.0
1459600177250,-9.55,0.0
1459600177260,-9.55,3.6200000000000004e-07
1459600177270,-9.55,3.6200000000000004e-07
1459600177280,-9.55,3.6200000000000004e-07
1459600177290,-9.55,0.0
1459600177300,-9.55,7.240000000000001e-07
1459600177310,-9.55,3.6200000000000004e-07
1459600177320,-9.55,3.6200000000000004e-07
1459600177330,-9.55,0.0
1459600177340,-9.55,3.6200000000000004e-07
1459600177350,-9.55,0.0
1459600177360,-9.55,7.240000000000001e-07
1459600177370,-9.55,0.0
1459600177380,-9.55,1.0859999999999999e-06
1459600177390,-9.55,0.0
1459600177400,-9.55,0.0
1459600177410,-9.55,0.0
1459600177420,-9.55,1.0859999999999999e-06
1459600177430,-9.55,0.0
1459600177440,-9.55,0.0
1459600177450,-9.55,0.0
1459600177460,-9.55,3.6200000000000004e-07
1459600177470,-9.55,0.0
1459600177480,-9.55,1.0859999999999999e-06
1459600177490,-9.55,3.6200000000000004e-07
1459600177500,-9.55,3.6200000000000004e-07
1459600177510,-9.55,0.0
1459600177520,-9.55,0.0
1459600177530,-9.55,3.6200000000000004e-07
1459600177540,-9.55,0.0
1459600177550,-9.55,0.0
1459600177560,-9.55,3.6200000000000004e-07
1459600177570,-9.55,0.0
1459600177580,-9.55,3.6200000000000004e-07
1459600177590,-9.55,0.0
1459600177600,-9.55,7.240000000000001e-07
1459600177610,-9.55,0.0
1459600177620,-9.55,0.0
1459600177630,-9.55,7.240000000000001e-07
1459600177640,-9.55,3.6200000000000004e-07
1459600177650,-9.55,0.0
1459600177660,-9.55,3.6200000000000004e-07
1459600177670,-9.55,0.0
1459600177680,-9.55,7.240000000000001e-07
1459600177690,-9.55,0.0
1459600177700,-9.55,7.240000000000001e-07
1459600177710,-9.55,7.240000000000001e-07
1459600177720,-9.55,0.0
1459600177730,-9.55,0.0
1459600177740,-9.55,3.6200000000000004e-07
1459600177750,-9.55,3.6200000000000004e-07
1459600177760,-9.55,1.0859999999999999e-06
1459600177770,-9.55,0.0
1459600177780,-9.55,7.240000000000001e-07
1459600177790,-9.55,0.0
1459600177800,-9.55,0.0
1459600177810,-9.55,3.6200000000000004e-07
1459600177820,-9.55,7.240000000000001e-07
1459600177830,-9.55,0.0
1459600177840,-9.55,0.0
1459600177850,-9.55,3.6200000000000004e-07
1459600177860,-9.55,3.6200000000000004e-07
1459600177870,-9.55,0.0
1459600177880,-9.55,7.240000000000001e-07
1459600177890,-9.55,3.6200000000000004e-07
1459600177900,-9.55,3.6200000000000004e-07
1459600177910,-9.55,0.0
1459600177920,-9.55,7.240000000000001e-07
1459600177930,-9.55,0.0
1459600177940,-9.55,1.0859999999999999e-06
1459600177950,-9.55,0.0
1459600177960,-9.55,3.6200000000000004e-07
1459600177970,-9.55,0.0
1459600177980,-9.55,3.6200000000000004e-07
1459600177990,-9.55,0.0
1459600178000,-9.55,7.240000000000001e-07
1459600178010,-9.55,0.0
1459600178020,-9.55,3.6200000000000004e-07
1459600178030,-9.55,0.0
1459600178040,-9.55,3.6200000000000004e-07
1459600178050,-9.55,0.0
1459600178060,-9.55,7.240000000000001e-07
1459600178070,-9.55,0.0
1459600178080,-9.55,3.6200000000000004e-07
1459600178090,-9.55,0.0
1459600178100,-9.55,1.0859999999999999e-06
1459600178110,-9.55,0.0
1459600178120,-9.55,3.6200000000000004e-07
1459600178130,-9.55,0.0
1459600178140,-9.55,7.240000000000001e-07
1459600178150,-9.55,0.0
1459600178160,-9.55,1.0859999999999999e-06
1459600178170,-9.55,0.0
1459600178180,-9.55,0.0
1459600178190,-9.55,0.0
1459600178200,-9.55,3.6200000000000004e-07
1459600178210,-9.55,0.0
1459600178220,-9.55,1.0859999999999999e-06
1459600178230,-9.55,0.0
1459600178240,-9.55,3.6200000000000004e-07
1459600178250,-9.55,0.0
1459600178260,-9.55,3.6200000000000004e-07
1459600178270,-9.55,3.6200000000000004e-07
1459600178280,-9.55,7.240000000000001e-07
1459600178290,-9.55,0.0
1459600178300,-9.55,0.0
1459600178310,-9.55,0.0
1459600178320,-9.55,3.6200000000000004e-07
1459600178330,-9.55,3.6200000000000004e-07
1459600178340,-9.55,1.0859999999999999e-06
1459600178350,-9.55,0.0
1459600178360,-9.55,0.0
1459600178370,-9.55,0.0
1459600178380,-9.55,0.0
1459600178390,-9.55,0.0
1459600178400,-9.55,7.240000000000001e-07
1459600178410,-9.55,3.6200000000000004e-07
1459600178420,-9.55,0.0
1459600178430,-9.55,3.6200000000000004e-07
1459600178440,-9.55,3.6200000000000004e-07
1459600178450,-9.55,0.0
1459600178460,-9.55,0.0
1459600178470,-9.55,0.0
1459600178480,-9.55,1.0859999999999999e-06
1459600178490,-9.55,0.0
1459600178500,-9.55,0.0
1459600178510,-9.55,0.0
1459600178520,-9.55,1.4480000000000002e-06
1459600178530,-9.55,0.0
1459600178540,-9.55,3.6200000000000004e-07
1459600178550,-9.55,0.0
1459600178560,-9.55,3.6200000000000004e-07
1459600178570,-9.55,0.0
1459600178580,-9.55,0.0
1459600178590,-9.55,3.6200000000000004e-07
1459600178600,-9.55,7.240000000000001e-07
1459600178610,-9.55,0.0
1459600178620,-9.55,1.0859999999999999e-06
1459600178630,-9.55,0.0
1459600178640,-9.55,3.6200000000000004e-07
1459600178650,-9.55,0.0
1459600178660,-9.55,7.240000000000001e-07
1459600178670,-9.55,3.6200000000000004e-07
1459600178680,-9.55,3.6200000000000004e-07
1459600178690,-9.55,1.0859999999999999e-06
1459600178700,-9.55,1.0859999999999999e-06
1459600178710,-9.55,0.0
1459600178720,-9.55,0.0
1459600178730,-9.55,3.6200000000000004e-07
1459600178740,-9.55,7.240000000000001e-07
1459600178750,-9.55,0.0
1459600178760,-9.55,3.6200000000000004e-07
1459600178770,-9.55,0.0
1459600178780,-9.55,1.0859999999999999e-06
1459600178790,-9.55,0.0
1459600178800,-9.55,3.6200000000000004e-07
1459600178810,-9.55,0.0
1459600178820,-9.55,7.240000000000001e-07
1459600178830,-9.55,0.0
1459600178840,-9.55,3.6200000000000004e-07
1459600178850,-9.55,3.6200000000000004e-07
1459600178860,-9.55,7.240000000000001e-07
1459600178870,-9.55,0.0
1459600178880,-9.55,0.0
1459600178890,-9.55,0.0
1459600178900,-9.55,1.4480000000000002e-06
1459600178910,-9.55,0.0
1459600178920,-9.55,0.0
1459600178930,-9.55,3.6200000000000004e-07
1459600178940,-9.55,1.0859999999999999e-06
1459600178950,-9.55,0.0
1459600178960,-9.55,0.0
1459600178970,-9.55,0.0
1459600178980,-9.55,0.0
1459600178990,-9.55,0.0
1459600179000,-9.55,3.6200000000000004e-07
1459600179010,-9.55,0.0
1459600179020,-9.55,3.6200000000000004e-07
1459600179030,-9.55,0.0
1459600179040,-9.55,3.6200000000000004e-07
1459600179050,-9.55,0.0
1459600179060,-9.55,7.240000000000001e-07
1459600179070,-9.55,0.0
1459600179080,-9.55,3.6200000000000004e-07
1459600179090,-9.55,0.0
1459600179100,-9.55,3.6200000000000004e-07
1459600179110,-9.55,3.6200000000000004e-07
1459600179120,-9.55,3.6200000000000004e-07
1459600179130,-9.55,0.0
1459600179140,-9.55,0.0
1459600179150,-9.55,0.0
1459600179160,-9.55,1.4480000000000002e-06
1459600179170,-9.55,0.0
1459600179180,-9.55,0.0
1459600179190,-9.55,3.6200000000000004e-07
1459600179200,-9.55,7.240000000000001e-07
1459600179210,-9.55,0.0
1459600179220,-9.55,3.6200000000000004e-07
1459600179230,-9.55,0.0
1459600179240,-9.55,7.240000000000001e-07
1459600179250,-9.55,0.0
1459600179260,-9.55,0.0
1459600179270,-9.55,0.0
1459600179280,-9.55,7.240000000000001e-07
1459600179290,-9.55,0.0
1459600179300,-9.55,7.240000000000001e-07
1459600179310,-9.55,0.0
1459600179320,-9.55,7.240000000000001e-07
1459600179330,-9.55,0.0
1459600179340,-9.55,3.6200000000000004e-07
1459600179350,-9.55,0.0
1459600179360,-9.55,7.240000000000001e-07
1459600179370,-9.55,0.0
1459600179380,-9.55,3.6200000000000004e-07
1459600179390,-9.55,0.0
1459600179400,-9.55,1.0859999999999999e-06
1459600179410,-9.55,0.0
1459600179420,-9.55,1.0859999999999999e-06
1459600179430,-9.55,0.0
1459600179440,-9.55,0.0
1459600179450,-9.55,0.0
1459600179460,-9.55,3.6200000000000004e-07
1459600179470,-9.55,3.6200000000000004e-07
1459600179480,-9.55,7.240000000000001e-07
1459600179490,-9.55,3.6200000000000004e-07
1459600179500,-9.55,0.0
1459600179510,-9.55,0.0
1459600179520,-9.55,1.0859999999999999e-06
1459600179530,-9.55,0.0
1459600179540,-9.55,7.240000000000001e-07
1459600179550,-9.55,0.0
1459600179560,-9.55,3.6200000000000004e-07
1459600179570,-9.55,0.0
1459600179580,-9.55,3.6200000000000004e-07
1459600179590,-9.55,3.6200000000000004e-07
1459600179600,-9.55,0.0
1459600179610,-9.55,3.6200000000000004e-07
1459600179620,-9.55,1.0859999999999999e-06
1459600179630,-9.55,0.0
1459600179640,-9.55,7.240000000000001e-07
1459600179650,-9.55,0.0
1459600179660,-9.55,3.6200000000000004e-07
1459600179670,-9.55,0.0
1459600179680,-9.55,3.6200000000000004e-07
1459600179690,-9.55,0.0
1459600179700,-9.55,3.6200000000000004e-07
1459600179710,-9.55,0.0
1459600179720,-9.55,1.4480000000000002e-06
1459600179730,-9.55,0.0
1459600179740,-9.55,0.0
1459600179750,-9.55,0.0
1459600179760,-9.55,3.6200000000000004e-07
1459600179770,-9.55,0.0
1459600179780,-9.55,7.240000000000001e-07
1459600179790,-9.55,1.0859999999999999e-06
1459600179800,-9.55,3.6200000000000004e-07
1459600179810,-9.55,0.0
1459600179820,-9.55,3.6200000000000004e-07
1459600179830,-9.55,0.0
1459600179840,-9.55,3.6200000000000004e-07
1459600179850,-9.55,0.0
1459600179860,-9.55,0.0
1459600179870,-9.55,3.6200000000000004e-07
1459600179880,-9.55,7.240000000000001e-07
1459600179890,-9.55,0.0
1459600179900,-9.55,0.0
1459600179910,-9.55,0.0
1459600179920,-9.55,3.6200000000000004e-07
1459600179930,-9.55,3.6200000000000004e-07
1459600179940,-9.55,0.0
1459600179950,-9.55,3.6200000000000004e-07
1459600179960,-9.55,1.0859999999999999e-06
1459600179970,-9.55,0.0
1459600179980,-9.55,0.0
1459600179990,-9.55,0.0
1459600180000,-9.55,7.240000000000001e-07
1459600180010,-9.55,0.0
1459600180020,-9.55,3.6200000000000004e-07
1459600180030,-9.55,0.0
1459600180040,-9.55,7.240000000000001e-07
1459600180050,-9.55,3.6200000000000004e-07
1459600180060,-9.55,3.6200000000000004e-07
1459600180070,-9.55,3.6200000000000004e-07
1459600180080,-9.55,7.240000000000001e-07
1459600180090,-9.55,3.6200000000000004e-07
1459600180100,-9.55,0.0
1459600180110,-9.55,3.6200000000000004e-07
1459600180120,-9.55,3.6200000000000004e-07
1459600180130,-9.55,0.0
1459600180140,-9.55,3.6200000000000004e-07
1459600180150,-9.55,0.0
1459600180160,-9.55,0.0
1459600180170,-9.55,3.6200000000000004e-07
1459600180180,-9.55,3.6200000000000004e-07
1459600180190,-9.55,7.240000000000001e-07
1459600180200,-9.55,3.6200000000000004e-07
1459600180210,-9.55,0.0
1459600180220,-9.55,3.6200000000000004e-07
1459600180230,-9.55,0.0
1459600180240,-9.55,3.6200000000000004e-07
1459600180250,-9.55,0.0
1459600180260,-9.55,1.0859999999999999e-06
1459600180270,-9.55,0.0
1459600180280,-9.55,7.240000000000001e-07
1459600180290,-9.55,0.0
1459600180300,-9.55,0.0
1459600180310,-9.55,0.0
1459600180320,-9.55,1.0859999999999999e-06
1459600180330,-9.55,0.0
1459600180340,-9.55,3.6200000000000004e-07
1459600180350,-9.55,3.6200000000000004e-07
1459600180360,-9.55,7.240000000000001e-07
1459600180370,-9.55,0.0
1459600180380,-9.55,0.0
1459600180390,-9.55,0.0
1459600180400,-9.55,1.0859999999999999e-06
1459600180410,-9.55,0.0
1459600180420,-9.55,1.0859999999999999e-06
1459600180430,-9.55,0.0
1459600180440,-9.55,0.0
1459600180450,-9.55,0.0
1459600180460,-9.55,3.6200000000000004e-07
1459600180470,-9.55,0.0
1459600180480,-9.55,3.6200000000000004e-07
1459600180490,-9.55,3.6200000000000004e-07
1459600180500,-9.55,7.240000000000001e-07
1459600180510,-9.55,3.6200000000000004e-07
1459600180520,-9.55,0.0
1459600180530,-9.55,3.6200000000000004e-07
1459600180540,-9.55,7.240000000000001e-07
1459600180550,-9.55,0.0
1459600180560,-9.55,3.6200000000000004e-07
1459600180570,-9.55,0.0
1459600180580,-9.55,7.240000000000001e-07
1459600180590,-9.55,0.0
1459600180600,-9.55,7.240000000000001e-07
1459600180610,-9.55,0.0
1459600180620,-9.55,3.6200000000000004e-07
1459600180630,-9.55,1.0859999999999999e-06
1459600180640,-9.55,0.0
1459600180650,-9.55,0.0
1459600180660,-9.55,3.6200000000000004e-07
1459600180670,-9.55,0.0
1459600180680,-9.55,0.0
1459600180690,-9.55,7.240000000000001e-07
1459600180700,-9.55,1.0859999999999999e-06
1459600180710,-9.55,0.0
1459600180720,-9.55,0.0
1459600180730,-9.55,3.6200000000000004e-07
1459600180740,-9.55,3.6200000000000004e-07
1459600180750,-9.55,0.0
1459600180760,-9.55,3.6200000000000004e-07
1459600180770,-9.55,0.0
1459600180780,-9.55,7.240000000000001e-07
1459600180790,-9.55,0.0
1459600180800,-9.55,0.0
1459600180810,-9.55,3.6200000000000004e-07
1459600180820,-9.55,3.6200000000000004e-07
1459600180830,-9.55,0.0
1459600180840,-9.55,1.4480000000000002e-06
1459600180850,-9.55,0.0
1459600180860,-9.55,0.0
1459600180870,-9.55,0.0
1459600180880,-9.55,3.6200000000000004e-07
1459600180890,-9.55,3.6200000000000004e-07
1459600180900,-9.55,3.6200000000000004e-07
1459600180910,-9.55,0.0
1459600180920,-9.55,1.0859999999999999e-06
1459600180930,-9.55,3.6200000000000004e-07
1459600180940,-9.55,0.0
1459600180950,-9.55,7.240000000000001e-07
1459600180960,-9.55,7.240000000000001e-07
1459600180970,-9.55,0.0
1459600180980,-9.55,0.0
1459600180990,-9.55,0.0
1459600181000,-9.55,3.6200000000000004e-07
1459600181010,-9.55,7.240000000000001e-07
1459600181020,-9.55,3.6200000000000004e-07
1459600181030,-9.55,0.0
1459600181040,-9.55,7.240000000000001e-07
1459600181050,-9.55,0.0
1459600181060,-9.55,0.0
1459600181070,-9.55,0.0
1459600181080,-9.55,7.240000000000001e-07
1459600181090,-9.55,0.0
1459600181100,-9.55,7.240000000000001e-07
1459600181110,-9.55,0.0
1459600181120,-9.55,0.0
1459600181130,-9.55,0.0
1459600181140,-9.55,7.240000000000001e-07
1459600181150,-9.55,0.0
1459600181160,-9.55,1.0859999999999999e-06
1459600181170,-9.55,0.0
1459600181180,-9.55,3.6200000000000004e-07
1459600181190,-9.55,0.0
1459600181200,-9.55,3.6200000000000004e-07
1459600181210,-9.55,0.0
1459600181220,-9.55,7.240000000000001e-07
1459600181230,-9.55,7.240000000000001e-07
1459600181240,-9.55,0.0
1459600181250,-9.55,3.6200000000000004e-07
1459600181260,-9.55,0.0
1459600181270,-9.55,0.0
1459600181280,-9.55,0.0
1459600181290,-9.55,0.0
1459600181300,-9.55,3.6200000000000004e-07
1459600181310,-9.55,7.240000000000001e-07
1459600181320,-9.55,7.240000000000001e-07
1459600181330,-9.55,0.0
1459600181340,-9.55,7.240000000000001e-07
1459600181350,-9.55,0.0
1459600181360,-9.55,0.0
1459600181370,-9.55,3.6200000000000004e-07
1459600181380,-9.55,3.6200000000000004e-07
1459600181390,-9.55,0.0
1459600181400,-9.55,7.240000000000001e-07
1459600181410,-9.55,0.0
1459600181420,-9.55,0.0
1459600181430,-9.55,0.0
1459600181440,-9.55,0.0
1459600181450,-9.55,0.0
1459600181460,-9.55,3.6200000000000004e-07
1459600181470,-9.55,3.6200000000000004e-07
1459600181480,-9.55,7.240000000000001e-07
1459600181490,-9.55,0.0
1459600181500,-9.55,7.240000000000001e-07
1459600181510,-9.55,0.0
1459600181520,-9.55,3.6200000000000004e-07
1459600181530,-9.55,0.0
1459600181540,-9.55,7.240000000000001e-07
1459600181550,-9.55,0.0
1459600181560,-9.55,3.6200000000000004e-07
1459600181570,-9.55,0.0
1459600181580,-9.55,3.6200000000000004e-07
1459600181590,-9.55,0.0
1459600181600,-9.55,3.6200000000000004e-07
1459600181610,-9.55,0.0
1459600181620,-9.55,1.0859999999999999e-06
1459600181630,-9.55,3.6200000000000004e-07
1459600181640,-9.55,0.0
1459600181650,-9.55,3.6200000000000004e-07
1459600181660,-9.55,3.6200000000000004e-07
1459600181670,-9.55,0.0
1459600181680,-9.55,3.6200000000000004e-07
1459600181690,-9.55,3.6200000000000004e-07
1459600181700,-9.55,0.0
1459600181710,-9.55,3.6200000000000004e-07
1459600181720,-9.55,0.0
1459600181730,-9.55,0.0
1459600181740,-9.55,7.240000000000001e-07
1459600181750,-9.55,3.6200000000000004e-07
1459600181760,-9.55,0.0
1459600181770,-9.55,0.0
1459600181780,-9.55,7.240000000000001e-07
1459600181790,-9.55,0.0
1459600181800,-9.55,1.0859999999999999e-06
1459600181810,-9.55,0.0
1459600181820,-9.55,0.0
1459600181830,-9.55,3.6200000000000004e-07
1459600181840,-9.55,7.240000000000001e-07
1459600181850,-9.55,0.0
1459600181860,-9.55,0.0
1459600181870,-9.55,0.0
1459600181880,-9.55,0.0
1459600181890,-9.55,3.6200000000000004e-07
1459600181900,-9.55,1.4480000000000002e-06
1459600181910,-9.55,0.0
1459600181920,-9.55,0.0
1459600181930,-9.55,0.0
1459600181940,-9.55,0.0
1459600181950,-9.55,7.240000000000001e-07
1459600181960,-9.55,0.0
1459600181970,-9.55,0.0
1459600181980,-9.55,7.240000000000001e-07
1459600181990,-9.55,0.0
1459600182000,-9.55,7.240000000000001e-07
1459600182010,-9.55,0.0
1459600182020,-9.55,0.0
1459600182030,-9.55,0.0
1459600182040,-9.55,0.0
1459600182050,-9.55,0.0
1459600182060,-9.55,3.6200000000000004e-07
1459600182070,-9.55,0.0
1459600182080,-9.55,0.0
1459600182090,-9.55,0.0
1459600182100,-9.55,7.240000000000001e-07
1459600182110,-9.55,0.0
1459600182120,-9.55,1.4480000000000002e-06
1459600182130,-9.55,0.0
1459600182140,-9.55,0.0
1459600182150,-9.55,0.0
1459600182160,-9.55,3.6200000000000004e-07
1459600182170,-9.55,0.0
1459600182180,-9.55,3.6200000000000004e-07
1459600182190,-9.55,0.0
1459600182200,-9.55,1.4480000000000002e-06
1459600182210,-9.55,0.0
1459600182220,-9.55,0.0
1459600182230,-9.55,0.0
1459600182240,-9.55,7.240000000000001e-07
1459600182250,-9.55,0.0
1459600182260,-9.55,3.6200000000000004e-07
1459600182270,-9.55,0.0
1459600182280,-9.55,0.0
1459600182290,-9.55,3.6200000000000004e-07
1459600182300,-9.55,1.4480000000000002e-06
1459600182310,-9.55,0.0
1459600182320,-9.55,0.0
1459600182330,-9.55,0.0
1459600182340,-9.55,1.0859999999999999e-06
1459600182350,-9.55,0.0
1459600182360,-9.55,0.0
1459600182370,-9.55,3.6200000000000004e-07
1459600182380,-9.55,3.6200000000000004e-07
1459600182390,-9.55,0.0
1459600182400,-9.55,1.0859999999999999e-06
1459600182410,-9.55,0.0
1459600182420,-9.55,0.0
1459600182430,-9.55,3.6200000000000004e-07
1459600182440,-9.55,0.0
1459600182450,-9.55,0.0
1459600182460,-9.55,1.0859999999999999e-06
1459600182470,-9.55,3.6200000000000004e-07
1459600182480,-9.55,3.6200000000000004e-07
1459600182490,-9.55,0.0
1459600182500,-9.55,7.240000000000001e-07
1459600182510,-9.55,0.0
1459600182520,-9.55,0.0
1459600182530,-9.55,0.0
1459600182540,-9.55,7.240000000000001e-07
1459600182550,-9.55,3.6200000000000004e-07
1459600182560,-9.55,0.0
1459600182570,-9.55,0.0
1459600182580,-9.55,3.6200000000000004e-07
1459600182590,-9.55,3.6200000000000004e-07
1459600182600,-9.55,3.6200000000000004e-07
1459600182610,-9.55,0.0
1459600182620,-9.55,1.4480000000000002e-06
1459600182630,-9.55,0.0
1459600182640,-9.55,3.6200000000000004e-07
1459600182650,-9.55,0.0
1459600182660,-9.55,1.0859999999999999e-06
1459600182670,-9.55,0.0
1459600182680,-9.55,7.240000000000001e-07
1459600182690,-9.55,0.0
1459600182700,-9.55,0.0
1459600182710,-9.55,3.6200000000000004e-07
1459600182720,-9.55,7.240000000000001e-07
1459600182730,-9.55,0.0
1459600182740,-9.55,0.0
1459600182750,-9.55,0.0
1459600182760,-9.55,7.240000000000001e-07
1459600182770,-9.55,0.0
1459600182780,-9.55,1.4480000000000002e-06
1459600182790,-9.55,0.0
1459600182800,-9.55,0.0
1459600182810,-9.55,7.240000000000001e-07
1459600182820,-9.55,0.0
1459600182830,-9.55,3.6200000000000004e-07
1459600182840,-9.55,3.6200000000000004e-07
1459600182850,-9.55,0.0
1459600182860,-9.55,0.0
1459600182870,-9.55,0.0
1459600182880,-9.55,7.240000000000001e-07
1459600182890,-9.55,0.0
1459600182900,-9.55,3.6200000000000004e-07
1459600182910,-9.55,0.0
1459600182920,-9.55,1.0859999999999999e-06
1459600182930,-9.55,0.0
1459600182940,-9.55,7.240000000000001e-07
1459600182950,-9.55,0.0
1459600182960,-9.55,0.0
1459600182970,-9.55,0.0
1459600182980,-9.55,3.6200000000000004e-07
1459600182990,-9.55,3.6200000000000004e-07
1459600183000,-9.55,7.240000000000001e-07
1459600183010,-9.55,0.0
1459600183020,-9.55,7.240000000000001e-07
1459600183030,-9.55,0.0
1459600183040,-9.55,0.0
1459600183050,-9.55,0.0
1459600183060,-9.55,3.6200000000000004e-07
1459600183070,-9.55,3.6200000000000004e-07
1459600183080,-9.55,3.6200000000000004e-07
1459600183090,-9.55,0.0
1459600183100,-9.55,7.240000000000001e-07
1459600183110,-9.55,7.240000000000001e-07
1459600183120,-9.55,0.0
1459600183130,-9.55,0.0
1459600183140,-9.55,3.6200000000000004e-07
1459600183150,-9.55,1.0859999999999999e-06
1459600183160,-9.55,0.0
1459600183170,-9.55,0.0
1459600183180,-9.55,0.0
1459600183190,-9.55,3.6200000000000004e-07
1459600183200,-9.55,7.240000000000001e-07
1459600183210,-9.55,0.0
1459600183220,-9.55,0.0
1459600183230,-9.55,0.0
1459600183240,-9.55,7.240000000000001e-07
1459600183250,-9.55,0.0
1459600183260,-9.55,0.0
1459600183270,-9.55,3.6200000000000004e-07
1459600183280,-9.55,7.240000000000001e-07
1459600183290,-9.55,0.0
1459600183300,-9.55,0.0
1459600183310,-9.55,0.0
1459600183320,-9.55,1.0859999999999999e-06
1459600183330,-9.55,0.0
1459600183340,-9.55,0.0
1459600183350,-9.55,3.6200000000000004e-07
1459600183360,-9.55,3.6200000000000004e-07
1459600183370,-9.55,0.0
1459600183380,-9.55,0.0
1459600183390,-9.55,0.0
1459600183400,-9.55,1.0859999999999999e-06
1459600183410,-9.55,0.0
1459600183420,-9.55,1.4480000000000002e-06
1459600183430,-9.55,0.0
1459600183440,-9.55,7.240000000000001e-07
1459600183450,-9.55,0.0
1459600183460,-9.55,0.0
1459600183470,-9.55,0.0
1459600183480,-9.55,0.0
1459600183490,-9.55,0.0
1459600183500,-9.55,7.240000000000001e-07
1459600183510,-9.55,0.0
1459600183520,-9.55,3.6200000000000004e-07
1459600183530,-9.55,0.0
1459600183540,-9.55,0.0
1459600183550,-9.55,0.0
1459600183560,-9.55,3.6200000000000004e-07
1459600183570,-9.55,3.6200000000000004e-07
1459600183580,-9.55,1.0859999999999999e-06
1459600183590,-9.55,0.0
1459600183600,-9.55,7.240000000000001e-07
1459600183610,-9.55,0.0
1459600183620,-9.55,3.6200000000000004e-07
1459600183630,-9.55,0.0
1459600183640,-9.55,0.0
1459600183650,-9.55,0.0
1459600183660,-9.55,7.240000000000001e-07
1459600183670,-9.55,0.0
1459600183680,-9.55,3.6200000000000004e-07
1459600183690,-9.55,0.0
1459600183700,-9.55,3.6200000000000004e-07
1459600183710,-9.55,0.0
1459600183720,-9.55,7.240000000000001e-07
1459600183730,-9.55,0.0
1459600183740,-9.55,7.240000000000001e-07
1459600183750,-9.55,0.0
1459600183760,-9.55,0.0
1459600183770,-9.55,0.0
1459600183780,-9.55,1.0859999999999999e-06
1459600183790,-9.55,0.0
1459600183800,-9.55,0.0
1459600183810,-9.55,0.0
1459600183820,-9.55,3.6200000000000004e-07
1459600183830,-9.55,3.6200000000000004e-07
1459600183840,-9.55,3.6200000000000004e-07
1459600183850,-9.55,0.0
1459600183860,-9.55,1.0859999999999999e-06
1459600183870,-9.55,0.0
1459600183880,-9.55,7.240000000000001e-07
1459600183890,-9.55,0.0
1459600183900,-9.55,1.4480000000000002e-06
1459600183910,-9.55,0.0
1459600183920,-9.55,0.0
1459600183930,-9.55,3.6200000000000004e-07
1459600183940,-9.55,3.6200000000000004e-07
1459600183950,-9.55,0.0
1459600183960,-9.55,1.0859999999999999e-06
1459600183970,-9.55,0.0
1459600183980,-9.55,0.0
1459600183990,-9.55,0.0
1459600184000,-9.55,7.240000000000001e-07
1459600184010,-9.55,0.0
1459600184020,-9.55,1.0859999999999999e-06
1459600184030,-9.55,0.0
1459600184040,-9.55,0.0
1459600184050,-9.55,3.6200000000000004e-07
1459600184060,-9.55,7.240000000000001e-07
1459600184070,-9.55,0.0
1459600184080,-9.55,7.240000000000001e-07
1459600184090,-9.55,0.0
1459600184100,-9.55,0.0
1459600184110,-9.55,0.0
1459600184120,-9.55,1.0859999999999999e-06
1459600184130,-9.55,0.0
1459600184140,-9.55,7.240000000000001e-07
1459600184150,-9.55,0.0
1459600184160,-9.55,0.0
1459600184170,-9.55,0.0
1459600184180,-9.55,7.240000000000001e-07
1459600184190,-9.55,0.0
1459600184200,-9.55,0.0
1459600184210,-9.55,3.6200000000000004e-07
1459600184220,-9.55,7.240000000000001e-07
1459600184230,-9.55,0.0
1459600184240,-9.55,7.240000000000001e-07
1459600184250,-9.55,0.0
1459600184260,-9.55,0.0
1459600184270,-9.55,0.0
1459600184280,-9.55,7.240000000000001e-07
1459600184290,-9.55,0.0
1459600184300,-9.55,1.0859999999999999e-06
1459600184310,-9.55,0.0
1459600184320,-9.55,0.0
1459600184330,-9.55,0.0
1459600184340,-9.55,3.6200000000000004e-07
1459600184350,-9.55,0.0
1459600184360,-9.55,3.6200000000000004e-07
1459600184370,-9.55,0.0
1459600184380,-9.55,3.6200000000000004e-07
1459600184390,-9.55,0.0
1459600184400,-9.55,1.4480000000000002e-06
1459600184410,-9.55,0.0
1459600184420,-9.55,0.0
1459600184430,-9.55,0.0
1459600184440,-9.55,3.6200000000000004e-07
1459600184450,-9.55,0.0
1459600184460,-9.55,3.6200000000000004e-07
1459600184470,-9.55,7.240000000000001e-07
1459600184480,-9.55,0.0
1459600184490,-9.55,0.0
1459600184500,-9.55,1.0859999999999999e-06
1459600184510,-9.55,0.0
1459600184520,-9.55,0.0
1459600184530,-9.55,3.6200000000000004e-07
1459600184540,-9.55,0.0
1459600184550,-9.55,0.0
1459600184560,-9.55,7.240000000000001e-07
1459600184570,-9.55,3.6200000000000004e-07
1459600184580,-9.55,3.6200000000000004e-07
1459600184590,-9.55,0.0
1459600184600,-9.55,7.240000000000001e-07
1459600184610,-9.55,0.0
1459600184620,-9.55,0.0
1459600184630,-9.55,0.0
1459600184640,-9.55,7.240000000000001e-07
1459600184650,-9.55,0.0
1459600184660,-9.55,7.240000000000001e-07
1459600184670,-9.55,0.0
1459600184680,-9.55,3.6200000000000004e-07
1459600184690,-9.55,0.0
1459600184700,-9.55,7.240000000000001e-07
1459600184710,-9.55,0.0
1459600184720,-9.55,0.0
1459600184730,-9.55,0.0
1459600184740,-9.55,3.6200000000000004e-07
1459600184750,-9.55,0.0
1459600184760,-9.55,7.240000000000001e-07
1459600184770,-9.55,0.0
1459600184780,-9.55,7.240000000000001e-07
1459600184790,-9.55,0.0
1459600184800,-9.55,7.240000000000001e-07
1459600184810,-9.55,0.0
1459600184820,-9.55,3.6200000000000004e-07
1459600184830,-9.55,0.0
1459600184840,-9.55,7.240000000000001e-07
1459600184850,-9.55,0.0
1459600184860,-9.55,3.6200000000000004e-07
1459600184870,-9.55,0.0
1459600184880,-9.55,1.0859999999999999e-06
1459600184890,-9.55,0.0
1459600184900,-9.55,0.0
1459600184910,-9.55,0.0
1459600184920,-9.55,1.0859999999999999e-06
1459600184930,-9.55,0.0
1459600184940,-9.55,1.0859999999999999e-06
1459600184950,-9.55,0.0
1459600184960,-9.55,0.0
1459600184970,-9.55,0.0
1459600184980,-9.55,3.6200000000000004e-07
1459600184990,-9.55,0.0
1459600185000,-9.55,0.0
1459600185010,-9.55,0.0
1459600185020,-9.55,7.240000000000001e-07
1459600185030,-9.55,0.0
1459600185040,-9.55,7.240000000000001e-07
1459600185050,-9.55,0.0
1459600185060,-9.55,0.0
1459600185070,-9.55,0.0
1459600185080,-9.55,1.4480000000000002e-06
1459600185090,-9.55,0.0
1459600185100,-9.55,3.6200000000000004e-07
1459600185110,-9.55,3.6200000000000004e-07
1459600185120,-9.55,7.240000000000001e-07
1459600185130,-9.55,0.0
1459600185140,-9.55,3.6200000000000004e-07
1459600185150,-9.55,0.0
1459600185160,-9.55,3.6200000000000004e-07
1459600185170,-9.55,3.6200000000000004e-07
1459600185180,-9.55,0.0
1459600185190,-9.55,0.0
1459600185200,-9.55,7.240000000000001e-07
1459600185210,-9.55,0.0
1459600185220,-9.55,1.0859999999999999e-06
1459600185230,-9.55,0.0
1459600185240,-9.55,0.0
1459600185250,-9.55,3.6200000000000004e-07
1459600185260,-9.55,3.6200000000000004e-07
1459600185270,-9.55,0.0
1459600185280,-9.55,0.0
1459600185290,-9.55,0.0
1459600185300,-9.55,1.0859999999999999e-06
1459600185310,-9.55,0.0
1459600185320,-9.55,0.0
1459600185330,-9.55,3.6200000000000004e-07
1459600185340,-9.55,3.6200000000000004e-07
1459600185350,-9.55,0.0
1459600185360,-9.55,1.4480000000000002e-06
1459600185370,-9.55,0.0
1459600185380,-9.55,3.6200000000000004e-07
1459600185390,-9.55,0.0
1459600185400,-9.55,1.0859999999999999e-06
1459600185410,-9.55,0.0
1459600185420,-9.55,0.0
1459600185430,-9.55,3.6200000000000004e-07
1459600185440,-9.55,3.6200000000000004e-07
1459600185450,-9.55,0.0
1459600185460,-9.55,7.240000000000001e-07
1459600185470,-9.55,3.6200000000000004e-07
1459600185480,-9.55,7.240000000000001e-07
1459600185490,-9.55,0.0
1459600185500,-9.55,0.0
1459600185510,-9.55,0.0
1459600185520,-9.55,1.0859999999999999e-06
1459600185530,-9.55,0.0
1459600185540,-9.55,3.6200000000000004e-07
1459600185550,-9.55,3.6200000000000004e-07
1459600185560,-9.55,3.6200000000000004e-07
1459600185570,-9.55,0.0
1459600185580,-9.55,0.0
1459600185590,-9.55,7.240000000000001e-07
1459600185600,-9.55,7.240000000000001e-07
1459600185610,-9.55,0.0
1459600185620,-9.55,0.0
1459600185630,-9.55,0.0
1459600185640,-9.55,7.240000000000001e-07
1459600185650,-9.55,0.0
1459600185660,-9.55,7.240000000000001e-07
1459600185670,-9.55,0.0
1459600185680,-9.55,3.6200000000000004e-07
1459600185690,-9.55,0.0
1459600185700,-9.55,7.240000000000001e-07
1459600185710,-9.55,3.6200000000000004e-07
1459600185720,-9.55,7.240000000000001e-07
1459600185730,-9.55,0.0
1459600185740,-9.55,0.0
1459600185750,-9.55,0.0
1459600185760,-9.55,3.6200000000000004e-07
1459600185770,-9.55,0.0
1459600185780,-9.55,3.6200000000000004e-07
1459600185790,-9.55,0.0
1459600185800,-9.55,7.240000000000001e-07
1459600185810,-9.55,0.0
1459600185820,-9.55,0.0
1459600185830,-9.55,3.6200000000000004e-07
1459600185840,-9.55,3.6200000000000004e-07
1459600185850,-9.55,0.0
1459600185860,-9.55,7.240000000000001e-07
1459600185870,-9.55,0.0
1459600185880,-9.55,3.6200000000000004e-07
1459600185890,-9.55,0.0
1459600185900,-9.55,1.0859999999999999e-06
1459600185910,-9.55,0.0
1459600185920,-9.55,0.0
1459600185930,-9.55,0.0
1459600185940,-9.55,3.6200000000000004e-07
1459600185950,-9.55,0.0
1459600185960,-9.55,1.0859999999999999e-06
1459600185970,-9.55,0.0
1459600185980,-9.55,3.6200000000000004e-07
1459600185990,-9.55,0.0
1459600186000,-9.55,1.0859999999999999e-06
1459600186010,-9.55,0.0
1459600186020,-9.55,0.0
1459600186030,-9.55,0.0
1459600186040,-9.55,3.6200000000000004e-07
1459600186050,-9.55,0.0
1459600186060,-9.55,1.0859999999999999e-06
1459600186070,-9.55,0.0
1459600186080,-9.55,3.6200000000000004e-07
1459600186090,-9.55,0.0
1459600186100,-9.55,3.6200000000000004e-07
1459600186110,-9.55,0.0
1459600186120,-9.55,7.240000000000001e-07
1459600186130,-9.55,0.0
1459600186140,-9.55,3.6200000000000004e-07
1459600186150,-9.55,0.0
1459600186160,-9.55,3.6200000000000004e-07
1459600186170,-9.55,0.0
1459600186180,-9.55,1.0859999999999999e-06
1459600186190,-9.55,0.0
1459600186200,-9.55,7.240000000000001e-07
1459600186210,-9.55,0.0
1459600186220,-9.55,0.0
1459600186230,-9.55,0.0
1459600186240,-9.55,3.6200000000000004e-07
1459600186250,-9.55,0.0
1459600186260,-9.55,7.240000000000001e-07
1459600186270,-9.55,0.0
1459600186280,-9.55,0.0
1459600186290,-9.55,0.0
1459600186300,-9.55,3.6200000000000004e-07
1459600186310,-9.55,0.0
1459600186320,-9.55,7.240000000000001e-07
1459600186330,-9.55,0.0
1459600186340,-9.55,7.240000000000001e-07
1459600186350,-9.55,0.0
1459600186360,-9.55,0.0
1459600186370,-9.55,0.0
1459600186380,-9.55,7.240000000000001e-07
1459600186390,-9.55,0.0
1459600186400,-9.55,0.0
1459600186410,-9.55,0.0
1459600186420,-9.55,1.0859999999999999e-06
1459600186430,-9.55,0.0
1459600186440,-9.55,3.6200000000000004e-07
1459600186450,-9.55,0.0
1459600186460,-9.55,1.4480000000000002e-06
1459600186470,-9.55,0.0
1459600186480,-9.55,0.0
1459600186490,-9.55,0.0
1459600186500,-9.55,3.6200000000000004e-07
1459600186510,-9.55,0.0
1459600186520,-9.55,1.0859999999999999e-06
1459600186530,-9.55,0.0
1459600186540,-9.55,0.0
1459600186550,-9.55,0.0
1459600186560,-9.55,0.0
1459600186570,-9.55,3.6200000000000004e-07
1459600186580,-9.55,3.6200000000000004e-07
1459600186590,-9.55,0.0
1459600186600,-9.55,1.0859999999999999e-06
1459600186610,-9.55,0.0
1459600186620,-9.55,0.0
1459600186630,-9.55,0.0
1459600186640,-9.55,3.6200000000000004e-07
1459600186650,-9.55,3.6200000000000004e-07
1459600186660,-9.55,7.240000000000001e-07
1459600186670,-9.55,7.240000000000001e-07
1459600186680,-9.55,0.0
1459600186690,-9.55,3.6200000000000004e-07
1459600186700,-9.55,0.0
1459600186710,-9.55,0.0
1459600186720,-9.55,7.240000000000001e-07
1459600186730,-9.55,0.0
1459600186740,-9.55,3.6200000000000004e-07
1459600186750,-9.55,0.0
1459600186760,-9.55,7.240000000000001e-07
1459600186770,-9.55,0.0
1459600186780,-9.55,3.6200000000000004e-07
1459600186790,-9.55,0.0
1459600186800,-9.55,7.240000000000001e-07
1459600186810,-9.55,0.0
1459600186820,-9.55,0.0
1459600186830,-9.55,0.0
1459600186840,-9.55,1.0859999999999999e-06
1459600186850,-9.55,0.0
1459600186860,-9.55,0.0
1459600186870,-9.55,0.0
1459600186880,-9.55,1.0859999999999999e-06
1459600186890,-9.55,0.0
1459600186900,-9.55,0.0
1459600186910,-9.55,3.6200000000000004e-07
1459600186920,-9.55,0.0
1459600186930,-9.55,0.0
1459600186940,-9.55,7.240000000000001e-07
1459600186950,-9.55,0.0
1459600186960,-9.55,1.4480000000000002e-06
1459600186970,-9.55,0.0
1459600186980,-9.55,0.0
1459600186990,-9.55,0.0
1459600187000,-9.55,7.240000000000001e-07
1459600187010,-9.55,0.0
1459600187020,-9.55,7.240000000000001e-07
1459600187030,-9.55,0.0
1459600187040,-9.55,3.6200000000000004e-07
1459600187050,-9.55,0.0
1459600187060,-9.55,0.0
1459600187070,-9.55,3.6200000000000004e-07
1459600187080,-9.55,3.6200000000000004e-07
1459600187090,-9.55,0.0
1459600187100,-9.55,7.240000000000001e-07
1459600187110,-9.55,0.0
1459600187120,-9.55,3.6200000000000004e-07
1459600187130,-9.55,0.0
1459600187140,-9.55,3.6200000000000004e-07
1459600187150,-9.55,3.6200000000000004e-07
1459600187160,-9.55,3.6200000000000004e-07
1459600187170,-9.55,0.0
1459600187180,-9.55,7.240000000000001e-07
1459600187190,-9.55,0.0
1459600187200,-9.55,0.0
1459600187210,-9.55,0.0
1459600187220,-9.55,3.6200000000000004e-07
1459600187230,-9.55,3.6200000000000004e-07
1459600187240,-9.55,3.6200000000000004e-07
1459600187250,-9.55,0.0
1459600187260,-9.55,3.6200000000000004e-07
1459600187270,-9.55,0.0
1459600187280,-9.55,1.0859999999999999e-06
1459600187290,-9.55,0.0
1459600187300,-9.55,0.0
1459600187310,-9.55,3.6200000000000004e-07
1459600187320,-9.55,3.6200000000000004e-07
1459600187330,-9.55,0.0
1459600187340,-9.55,0.0
1459600187350,-9.55,7.240000000000001e-07
1459600187360,-9.55,0.0
1459600187370,-9.55,0.0
1459600187380,-9.55,0.0
1459600187390,-9.55,0.0
1459600187400,-9.55,1.0859999999999999e-06
1459600187410,-9.55,0.0
1459600187420,-9.55,0.0
1459600187430,-9.55,3.6200000000000004e-07
1459600187440,-9.55,7.240000000000001e-07
1459600187450,-9.55,0.0
1459600187460,-9.55,7.240000000000001e-07
1459600187470,-9.55,0.0
1459600187480,-9.55,7.240000000000001e-07
1459600187490,-9.55,0.0
1459600187500,-9.55,0.0
1459600187510,-9.55,3.6200000000000004e-07
1459600187520,-9.55,0.0
1459600187530,-9.55,0.0
1459600187540,-9.55,3.6200000000000004e-07
1459600187550,-9.55,0.0
1459600187560,-9.55,3.6200000000000004e-07
1459600187570,-9.55,0.0
1459600187580,-9.55,7.240000000000001e-07
1459600187590,-9.55,3.6200000000000004e-07
1459600187600,-9.55,3.6200000000000004e-07
1459600187610,-9.55,0.0
1459600187620,-9.55,3.6200000000000004e-07
1459600187630,-9.55,0.0
1459600187640,-9.55,1.0859999999999999e-06
1459600187650,-9.55,0.0
1459600187660,-9.55,1.0859999999999999e-06
1459600187670,-9.55,0.0
1459600187680,-9.55,0.0
1459600187690,-9.55,0.0
1459600187700,-9.55,3.6200000000000004e-07
1459600187710,-9.55,0.0
1459600187720,-9.55,7.240000000000001e-07
1459600187730,-9.55,0.0
1459600187740,-9.55,3.6200000000000004e-07
1459600187750,-9.55,0.0
1459600187760,-9.55,3.6200000000000004e-07
1459600187770,-9.55,0.0
1459600187780,-9.55,3.6200000000000004e-07
1459600187790,-9.55,0.0
1459600187800,-9.55,7.240000000000001e-07
1459600187810,-9.55,0.0
1459600187820,-9.55,0.0
1459600187830,-9.55,0.0
1459600187840,-9.55,7.240000000000001e-07
1459600187850,-9.55,0.0
1459600187860,-9.55,7.240000000000001e-07
1459600187870,-9.55,0.0
1459600187880,-9.55,7.240000000000001e-07
1459600187890,-9.55,0.0
1459600187900,-9.55,7.240000000000001e-07
1459600187910,-9.55,3.6200000000000004e-07
1459600187920,-9.55,7.240000000000001e-07
1459600187930,-9.55,0.0
1459600187940,-9.55,7.240000000000001e-07
1459600187950,-9.55,0.0
1459600187960,-9.55,1.0859999999999999e-06
1459600187970,-9.55,3.6200000000000004e-07
1459600187980,-9.55,3.6200000000000004e-07
1459600187990,-9.55,0.0
1459600188000,-9.55,3.6200000000000004e-07
1459600188010,-9.55,0.0
1459600188020,-9.55,3.6200000000000004e-07
1459600188030,-9.55,0.0
1459600188040,-9.55,1.0859999999999999e-06
1459600188050,-9.55,0.0
1459600188060,-9.55,7.240000000000001e-07
1459600188070,-9.55,0.0
1459600188080,-9.55,3.6200000000000004e-07
1459600188090,-9.55,3.6200000000000004e-07
1459600188100,-9.55,3.6200000000000004e-07
1459600188110,-9.55,0.0
1459600188120,-9.55,3.6200000000000004e-07
1459600188130,-9.55,0.0
1459600188140,-9.55,7.240000000000001e-07
1459600188150,-9.55,0.0
1459600188160,-9.55,7.240000000000001e-07
1459600188170,-9.55,0.0
1459600188180,-9.55,7.240000000000001e-07
1459600188190,-9.55,0.0
1459600188200,-9.55,1.0859999999999999e-06
1459600188210,-9.55,0.0
1459600188220,-9.55,3.6200000000000004e-07
1459600188230,-9.55,3.6200000000000004e-07
1459600188240,-9.55,1.0859999999999999e-06
1459600188250,-9.55,0.0
1459600188260,-9.55,3.6200000000000004e-07
1459600188270,-9.55,0.0
1459600188280,-9.55,7.240000000000001e-07
1459600188290,-9.55,0.0
1459600188300,-9.55,3.6200000000000004e-07
1459600188310,-9.55,0.0
1459600188320,-9.55,7.240000000000001e-07
1459600188330,-9.55,0.0
1459600188340,-9.55,0.0
1459600188350,-9.55,0.0
1459600188360,-9.55,1.0859999999999999e-06
1459600188370,-9.55,0.0
1459600188380,-9.55,7.240000000000001e-07
1459600188390,-9.55,0.0
1459600188400,-9.55,3.6200000000000004e-07
1459600188410,-9.55,0.0
1459600188420,-9.55,7.240000000000001e-07
1459600188430,-9.55,0.0
1459600188440,-9.55,7.240000000000001e-07
1459600188450,-9.55,0.0
1459600188460,-9.55,7.240000000000001e-07
1459600188470,-9.55,0.0
1459600188480,-9.55,0.0
1459600188490,-9.55,0.0
1459600188500,-9.55,7.240000000000001e-07
1459600188510,-9.55,0.0
1459600188520,-9.55,7.240000000000001e-07
1459600188530,-9.55,0.0
1459600188540,-9.55,3.6200000000000004e-07
1459600188550,-9.55,7.240000000000001e-07
1459600188560,-9.55,7.240000000000001e-07
1459600188570,-9.55,0.0
1459600188580,-9.55,0.0
1459600188590,-9.55,0.0
1459600188600,-9.55,3.6200000000000004e-07
1459600188610,-9.55,0.0
1459600188620,-9.55,7.240000000000001e-07
1459600188630,-9.55,0.0
1459600188640,-9.55,3.6200000000000004e-07
1459600188650,-9.55,3.6200000000000004e-07
1459600188660,-9.55,7.240000000000001e-07
1459600188670,-9.55,0.0
1459600188680,-9.55,7.240000000000001e-07
1459600188690,-9.55,0.0
1459600188700,-9.55,7.240000000000001e-07
1459600188710,-9.55,0.0
1459600188720,-9.55,7.240000000000001e-07
1459600188730,-9.55,0.0
1459600188740,-9.55,0.0
1459600188750,-9.55,3.6200000000000004e-07
1459600188760,-9.55,0.0
1459600188770,-9.55,0.0
1459600188780,-9.55,7.240000000000001e-07
1459600188790,-9.55,0.0
1459600188800,-9.55,3.6200000000000004e-07
1459600188810,-9.55,0.0
1459600188820,-9.55,7.240000000000001e-07
1459600188830,-9.55,0.0
1459600188840,-9.55,3.6200000000000004e-07
1459600188850,-9.55,0.0
1459600188860,-9.55,3.6200000000000004e-07
1459600188870,-9.55,0.0
1459600188880,-9.55,7.240000000000001e-07
1459600188890,-9.55,0.0
1459600188900,-9.55,0.0
1459600188910,-9.55,0.0
1459600188920,-9.55,7.240000000000001e-07
1459600188930,-9.55,0.0
1459600188940,-9.55,3.6200000000000004e-07
1459600188950,-9.55,3.6200000000000004e-07
1459600188960,-9.55,1.0859999999999999e-06
1459600188970,-9.55,0.0
1459600188980,-9.55,3.6200000000000004e-07
1459600188990,-9.55,0.0
1459600189000,-9.55,3.6200000000000004e-07
1459600189010,-9.55,0.0
1459600189020,-9.55,3.6200000000000004e-07
1459600189030,-9.55,3.6200000000000004e-07
1459600189040,-9.55,7.240000000000001e-07
1459600189050,-9.55,0.0
1459600189060,-9.55,7.240000000000001e-07
1459600189070,-9.55,0.0
1459600189080,-9.55,3.6200000000000004e-07
1459600189090,-9.55,0.0
1459600189100,-9.55,7.240000000000001e-07
1459600189110,-9.55,0.0
1459600189120,-9.55,7.240000000000001e-07
1459600189130,-9.55,0.0
1459600189140,-9.55,0.0
1459600189150,-9.55,0.0
1459600189160,-9.55,3.6200000000000004e-07
1459600189170,-9.55,0.0
1459600189180,-9.55,1.0859999999999999e-06
1459600189190,-9.55,0.0
1459600189200,-9.55,0.0
1459600189210,-9.55,0.0
1459600189220,-9.55,7.240000000000001e-07
1459600189230,-9.55,3.6200000000000004e-07
1459600189240,-9.55,7.240000000000001e-07
1459600189250,-9.55,0.0
1459600189260,-9.55,3.6200000000000004e-07
1459600189270,-9.55,0.0
1459600189280,-9.55,7.240000000000001e-07
1459600189290,-9.55,3.6200000000000004e-07
1459600189300,-9.55,3.6200000000000004e-07
1459600189310,-9.55,0.0
1459600189320,-9.55,3.6200000000000004e-07
1459600189330,-9.55,0.0
1459600189340,-9.55,3.6200000000000004e-07
1459600189350,-9.55,3.6200000000000004e-07
1459600189360,-9.55,1.0859999999999999e-06
1459600189370,-9.55,0.0
1459600189380,-9.55,7.240000000000001e-07
1459600189390,-9.55,0.0
1459600189400,-9.55,3.6200000000000004e-07
1459600189410,-9.55,0.0
1459600189420,-9.55,3.6200000000000004e-07
1459600189430,-9.55,0.0
1459600189440,-9.55,7.240000000000001e-07
1459600189450,-9.55,0.0
1459600189460,-9.55,0.0
1459600189470,-9.55,0.0
1459600189480,-9.55,7.240000000000001e-07
1459600189490,-9.55,0.0
1459600189500,-9.55,3.6200000000000004e-07
1459600189510,-9.55,0.0
1459600189520,-9.55,7.240000000000001e-07
1459600189530,-9.55,0.0
1459600189540,-9.55,1.0859999999999999e-06
1459600189550,-9.55,0.0
1459600189560,-9.55,3.6200000000000004e-07
1459600189570,-9.55,0.0
1459600189580,-9.55,7.240000000000001e-07
1459600189590,-9.55,0.0
1459600189600,-9.55,7.240000000000001e-07
1459600189610,-9.55,0.0
1459600189620,-9.55,0.0
1459600189630,-9.55,0.0
1459600189640,-9.55,7.240000000000001e-07
1459600189650,-9.55,0.0
1459600189660,-9.55,7.240000000000001e-07
1459600189670,-9.55,0.0
1459600189680,-9.55,7.240000000000001e-07
1459600189690,-9.55,0.0
1459600189700,-9.55,0.0
1459600189710,-9.55,0.0
1459600189720,-9.55,7.240000000000001e-07
1459600189730,-9.55,0.0
1459600189740,-9.55,7.240000000000001e-07
1459600189750,-9.55,0.0
1459600189760,-9.55,3.6200000000000004e-07
1459600189770,-9.55,0.0
1459600189780,-9.55,7.240000000000001e-07
1459600189790,-9.55,0.0
1459600189800,-9.55,3.6200000000000004e-07
1459600189810,-9.55,0.0
1459600189820,-9.55,7.240000000000001e-07
1459600189830,-9.55,0.0
1459600189840,-9.55,7.240000000000001e-07
1459600189850,-9.55,0.0
1459600189860,-9.55,0.0
1459600189870,-9.55,0.0
1459600189880,-9.55,7.240000000000001e-07
1459600189890,-9.55,0.0
1459600189900,-9.55,3.6200000000000004e-07
1459600189910,-9.55,0.0
1459600189920,-9.55,3.6200000000000004e-07
1459600189930,-9.55,0.0
1459600189940,-9.55,7.240000000000001e-07
1459600189950,-9.55,0.0
1459600189960,-9.55,3.6200000000000004e-07
1459600189970,-9.55,0.0
1459600189980,-9.55,7.240000000000001e-07
1459600189990,-9.55,0.0
1459600190000,-9.55,1.0859999999999999e-06
1459600190010,-9.55,0.0
1459600190020,-9.55,0.0
1459600190030,-9.55,0.0
1459600190040,-9.55,1.0859999999999999e-06
1459600190050,-9.55,0.0
1459600190060,-9.55,7.240000000000001e-07
1459600190070,-9.55,0.0
1459600190080,-9.55,3.6200000000000004e-07
1459600190090,-9.55,0.0
1459600190100,-9.55,1.0859999999999999e-06
1459600190110,-9.55,0.0
1459600190120,-9.55,3.6200000000000004e-07
1459600190130,-9.55,0.0
1459600190140,-9.55,1.4480000000000002e-06
1459600190150,-9.55,0.0
1459600190160,-9.55,7.240000000000001e-07
1459600190170,-9.55,0.0
1459600190180,-9.55,0.0
1459600190190,-9.55,0.0
1459600190200,-9.55,3.6200000000000004e-07
1459600190210,-9.55,0.0
1459600190220,-9.55,1.4480000000000002e-06
1459600190230,-9.55,0.0
1459600190240,-9.55,0.0
1459600190250,-9.55,0.0
1459600190260,-9.55,3.6200000000000004e-07
1459600190270,-9.55,3.6200000000000004e-07
1459600190280,-9.55,3.6200000000000004e-07
1459600190290,-9.55,0.0
1459600190300,-9.55,3.6200000000000004e-07
1459600190310,-9.55,3.6200000000000004e-07
1459600190320,-9.55,1.0859999999999999e-06
1459600190330,-9.55,0.0
1459600190340,-9.55,0.0
1459600190350,-9.55,0.0
1459600190360,-9.55,7.240000000000001e-07
1459600190370,-9.55,0.0
1459600190380,-9.55,0.0
1459600190390,-9.55,0.0
1459600190400,-9.55,3.6200000000000004e-07
1459600190410,-9.55,0.0
1459600190420,-9.55,7.240000000000001e-07
1459600190430,-9.55,0.0
1459600190440,-9.55,3.6200000000000004e-07
1459600190450,-9.55,3.6200000000000004e-07
1459600190460,-9.55,7.240000000000001e-07
1459600190470,-9.55,0.0
1459600190480,-9.55,3.6200000000000004e-07
1459600190490,-9.55,0.0
1459600190500,-9.55,0.0
1459600190510,-9.52,0.0
1459600190520,-9.52,7.240000000000001e-07
1459600190530,-9.52,3.6200000000000004e-07
1459600190540,-9.52,3.6200000000000004e-07
1459600190550,-9.52,0.0
1459600190560,-9.52,1.0859999999999999e-06
1459600190570,-9.52,0.0
1459600190580,-9.52,7.240000000000001e-07
1459600190590,-9.52,0.0
1459600190600,-9.52,3.6200000000000004e-07
1459600190610,-9.52,0.0
1459600190620,-9.52,7.240000000000001e-07
1459600190630,-9.52,0.0
1459600190640,-9.52,3.6200000000000004e-07
1459600190650,-9.52,0.0
1459600190660,-9.52,3.6200000000000004e-07
1459600190670,-9.52,0.0
1459600190680,-9.52,3.6200000000000004e-07
1459600190690,-9.52,0.0
1459600190700,-9.52,1.0859999999999999e-06
1459600190710,-9.52,0.0
1459600190720,-9.52,3.6200000000000004e-07
1459600190730,-9.52,0.0
1459600190740,-9.52,0.0
1459600190750,-9.52,0.0
1459600190760,-9.52,3.6200000000000004e-07
1459600190770,-9.52,0.0
1459600190780,-9.52,7.240000000000001e-07
1459600190790,-9.52,0.0
1459600190800,-9.52,3.6200000000000004e-07
1459600190810,-9.52,0.0
1459600190820,-9.52,0.0
1459600190830,-9.52,3.6200000000000004e-07
1459600190840,-9.52,1.0859999999999999e-06
1459600190850,-9.52,0.0
1459600190860,-9.52,0.0
1459600190870,-9.52,0.0
1459600190880,-9.52,3.6200000000000004e-07
1459600190890,-9.52,3.6200000000000004e-07
1459600190900,-9.52,3.6200000000000004e-07
1459600190910,-9.52,0.0
1459600190920,-9.52,3.6200000000000004e-07
1459600190930,-9.52,0.0
1459600190940,-9.52,7.240000000000001e-07
1459600190950,-9.52,0.0
1459600190960,-9.52,7.240000000000001e-07
1459600190970,-9.52,0.0
1459600190980,-9.52,3.6200000000000004e-07
1459600190990,-9.52,0.0
1459600191000,-9.52,7.240000000000001e-07
1459600191010,-9.52,0.0
1459600191020,-9.52,0.0
1459600191030,-9.52,0.0
1459600191040,-9.52,3.6200000000000004e-07
1459600191050,-9.52,7.240000000000001e-07
1459600191060,-9.52,0.0
1459600191070,-9.52,0.0
1459600191080,-9.52,0.0
1459600191090,-9.52,0.0
1459600191100,-9.52,3.6200000000000004e-07
1459600191110,-9.52,0.0
1459600191120,-9.52,3.6200000000000004e-07
1459600191130,-9.52,0.0
1459600191140,-9.52,3.6200000000000004e-07
1459600191150,-9.52,3.6200000000000004e-07
1459600191160,-9.52,0.0
1459600191170,-9.52,3.6200000000000004e-07
1459600191180,-9.52,7.240000000000001e-07
1459600191190,-9.52,0.0
1459600191200,-9.52,3.6200000000000004e-07
1459600191210,-9.52,3.6200000000000004e-07
1459600191220,-9.52,1.4480000000000002e-06
1459600191230,-9.52,0.0
1459600191240,-9.52,3.6200000000000004e-07
1459600191250,-9.52,0.0
1459600191260,-9.52,0.0
1459600191270,-9.52,0.0
1459600191280,-9.52,3.6200000000000004e-07
1459600191290,-9.52,0.0
1459600191300,-9.52,7.240000000000001e-07
1459600191310,-9.52,0.0
1459600191320,-9.52,7.240000000000001e-07
1459600191330,-9.52,0.0
1459600191340,-9.52,1.0859999999999999e-06
1459600191350,-9.52,0.0
1459600191360,-9.52,0.0
1459600191370,-9.52,3.6200000000000004e-07
1459600191380,-9.52,1.0859999999999999e-06
1459600191390,-9.52,0.0
1459600191400,-9.52,3.6200000000000004e-07
1459600191410,-9.52,0.0
1459600191420,-9.52,7.240000000000001e-07
1459600191430,-9.52,0.0
1459600191440,-9.52,0.0
1459600191450,-9.52,0.0
1459600191460,-9.52,1.0859999999999999e-06
1459600191470,-9.52,0.0
1459600191480,-9.52,0.0
1459600191490,-9.52,0.0
1459600191500,-9.52,1.4480000000000002e-06
1459600191510,-9.52,0.0
1459600191520,-9.52,0.0
1459600191530,-9.52,0.0
1459600191540,-9.52,0.0
1459600191550,-9.52,3.6200000000000004e-07
1459600191560,-9.52,3.6200000000000004e-07
1459600191570,-9.52,3.6200000000000004e-07
1459600191580,-9.52,0.0
1459600191590,-9.52,0.0
1459600191600,-9.52,3.6200000000000004e-07
1459600191610,-9.52,3.6200000000000004e-07
1459600191620,-9.52,3.6200000000000004e-07
1459600191630,-9.52,0.0
1459600191640,-9.52,3.6200000000000004e-07
1459600191650,-9.52,0.0
1459600191660,-9.52,0.0
1459600191670,-9.52,3.6200000000000004e-07
1459600191680,-9.52,3.6200000000000004e-07
1459600191690,-9.52,0.0
1459600191700,-9.52,3.6200000000000004e-07
1459600191710,-9.52,0.0
1459600191720,-9.52,0.0
1459600191730,-9.52,3.6200000000000004e-07
1459600191740,-9.52,3.6200000000000004e-07
1459600191750,-9.52,3.6200000000000004e-07
1459600191760,-9.52,0.0
1459600191770,-9.52,3.6200000000000004e-07
1459600191780,-9.52,3.6200000000000004e-07
1459600191790,-9.52,0.0
1459600191800,-9.52,0.0
1459600191810,-9.52,7.240000000000001e-07
1459600191820,-9.52,3.6200000000000004e-07
1459600191830,-9.52,0.0
1459600191840,-9.52,1.4480000000000002e-06
1459600191850,-9.52,0.0
1459600191860,-9.52,0.0
1459600191870,-9.52,0.0
1459600191880,-9.52,1.0859999999999999e-06
1459600191890,-9.52,0.0
1459600191900,-9.52,7.240000000000001e-07
1459600191910,-9.52,0.0
1459600191920,-9.52,0.0
1459600191930,-9.52,3.6200000000000004e-07
1459600191940,-9.52,3.6200000000000004e-07
1459600191950,-9.52,0.0
1459600191960,-9.52,1.0859999999999999e-06
1459600191970,-9.52,0.0
1459600191980,-9.52,0.0
1459600191990,-9.52,0.0
1459600192000,-9.52,7.240000000000001e-07
1459600192010,-9.52,0.0
1459600192020,-9.52,3.6200000000000004e-07
1459600192030,-9.52,0.0
1459600192040,-9.52,1.0859999999999999e-06
1459600192050,-9.52,0.0
1459600192060,-9.52,7.240000000000001e-07
1459600192070,-9.52,3.6200000000000004e-07
1459600192080,-9.52,7.240000000000001e-07
1459600192090,-9.52,0.0
1459600192100,-9.52,0.0
1459600192110,-9.52,0.0
1459600192120,-9.52,3.6200000000000004e-07
1459600192130,-9.52,0.0
1459600192140,-9.52,3.6200000000000004e-07
1459600192150,-9.52,0.0
1459600192160,-9.52,7.240000000000001e-07
1459600192170,-9.52,0.0
1459600192180,-9.52,0.0
1459600192190,-9.52,0.0
1459600192200,-9.52,7.240000000000001e-07
1459600192210,-9.52,0.0
1459600192220,-9.52,3.6200000000000004e-07
1459600192230,-9.52,0.0
1459600192240,-9.52,1.0859999999999999e-06
1459600192250,-9.52,0.0
1459600192260,-9.52,0.0
1459600192270,-9.52,7.240000000000001e-07
1459600192280,-9.52,0.0
1459600192290,-9.52,0.0
1459600192300,-9.52,1.4480000000000002e-06
1459600192310,-9.52,0.0
1459600192320,-9.52,0.0
1459600192330,-9.52,0.0
1459600192340,-9.52,1.4480000000000002e-06
1459600192350,-9.52,0.0
1459600192360,-9.52,0.0
1459600192370,-9.52,0.0
1459600192380,-9.52,0.0
1459600192390,-9.52,3.6200000000000004e-07
1459600192400,-9.52,3.6200000000000004e-07
1459600192410,-9.52,0.0
1459600192420,-9.52,7.240000000000001e-07
1459600192430,-9.52,3.6200000000000004e-07
1459600192440,-9.52,3.6200000000000004e-07
1459600192450,-9.52,0.0
1459600192460,-9.52,3.6200000000000004e-07
1459600192470,-9.52,0.0
1459600192480,-9.52,0.0
1459600192490,-9.52,3.6200000000000004e-07
1459600192500,-9.52,7.240000000000001e-07
1459600192510,-9.52,0.0
1459600192520,-9.52,3.6200000000000004e-07
1459600192530,-9.52,0.0
1459600192540,-9.52,1.0859999999999999e-06
1459600192550,-9.52,0.0
1459600192560,-9.52,0.0
1459600192570,-9.52,3.6200000000000004e-07
1459600192580,-9.52,0.0
1459600192590,-9.52,7.240000000000001e-07
1459600192600,-9.52,3.6200000000000004e-07
1459600192610,-9.52,0.0
1459600192620,-9.52,3.6200000000000004e-07
1459600192630,-9.52,3.6200000000000004e-07
1459600192640,-9.52,0.0
1459600192650,-9.52,3.6200000000000004e-07
1459600192660,-9.52,0.0
1459600192670,-9.52,0.0
1459600192680,-9.52,3.6200000000000004e-07
1459600192690,-9.52,0.0
1459600192700,-9.52,3.6200000000000004e-07
1459600192710,-9.52,0.0
1459600192720,-9.52,7.240000000000001e-07
1459600192730,-9.52,0.0
1459600192740,-9.52,3.6200000000000004e-07
1459600192750,-9.52,0.0
1459600192760,-9.52,0.0
1459600192770,-9.52,0.0
1459600192780,-9.52,0.0
1459600192790,-9.52,3.6200000000000004e-07
1459600192800,-9.52,1.0859999999999999e-06
1459600192810,-9.52,0.0
1459600192820,-9.52,3.6200000000000004e-07
1459600192830,-9.52,0.0
1459600192840,-9.52,0.0
1459600192850,-9.52,0.0
1459600192860,-9.52,1.4480000000000002e-06
1459600192870,-9.52,0.0
1459600192880,-9.52,3.6200000000000004e-07
1459600192890,-9.52,0.0
1459600192900,-9.52,3.6200000000000004e-07
1459600192910,-9.52,0.0
1459600192920,-9.52,3.6200000000000004e-07
1459600192930,-9.52,0.0
1459600192940,-9.52,3.6200000000000004e-07
1459600192950,-9.52,0.0
1459600192960,-9.52,1.0859999999999999e-06
1459600192970,-9.52,0.0
1459600192980,-9.52,0.0
1459600192990,-9.52,0.0
1459600193000,-9.52,7.240000000000001e-07
1459600193010,-9.52,0.0
1459600193020,-9.52,7.240000000000001e-07
1459600193030,-9.52,0.0
1459600193040,-9.52,0.0
1459600193050,-9.52,0.0
1459600193060,-9.52,3.6200000000000004e-07
1459600193070,-9.52,0.0
1459600193080,-9.52,0.0
1459600193090,-9.52,0.0
1459600193100,-9.52,1.81e-06
1459600193110,-9.52,0.0
1459600193120,-9.52,7.240000000000001e-07
1459600193130,-9.52,0.0
1459600193140,-9.52,0.0
1459600193150,-9.52,0.0
1459600193160,-9.52,7.240000000000001e-07
1459600193170,-9.52,0.0
1459600193180,-9.52,7.240000000000001e-07
1459600193190,-9.52,0.0
1459600193200,-9.52,7.240000000000001e-07
1459600193210,-9.52,0.0
1459600193220,-9.52,3.6200000000000004e-07
1459600193230,-9.52,0.0
1459600193240,-9.52,7.240000000000001e-07
1459600193250,-9.52,0.0
1459600193260,-9.52,3.6200000000000004e-07
1459600193270,-9.52,0.0
1459600193280,-9.52,7.240000000000001e-07
1459600193290,-9.52,3.6200000000000004e-07
1459600193300,-9.52,0.0
1459600193310,-9.52,0.0
1459600193320,-9.52,0.0
1459600193330,-9.52,0.0
1459600193340,-9.52,1.0859999999999999e-06
1459600193350,-9.52,0.0
1459600193360,-9.52,0.0
1459600193370,-9.52,0.0
1459600193380,-9.52,7.240000000000001e-07
1459600193390,-9.52,3.6200000000000004e-07
1459600193400,-9.52,7.240000000000001e-07
1459600193410,-9.52,0.0
1459600193420,-9.52,0.0
1459600193430,-9.52,0.0
1459600193440,-9.52,7.240000000000001e-07
1459600193450,-9.52,0.0
1459600193460,-9.52,0.0
1459600193470,-9.52,0.0
1459600193480,-9.52,1.0859999999999999e-06
1459600193490,-9.52,0.0
1459600193500,-9.52,3.6200000000000004e-07
1459600193510,-9.52,3.6200000000000004e-07
1459600193520,-9.52,3.6200000000000004e-07
1459600193530,-9.52,0.0
1459600193540,-9.52,7.240000000000001e-07
1459600193550,-9.52,0.0
1459600193560,-9.52,7.240000000000001e-07
1459600193570,-9.52,0.0
1459600193580,-9.52,0.0
1459600193590,-9.52,0.0
1459600193600,-9.52,1.0859999999999999e-06
1459600193610,-9.52,0.0
1459600193620,-9.52,0.0
1459600193630,-9.52,0.0
1459600193640,-9.52,3.6200000000000004e-07
1459600193650,-9.52,0.0
1459600193660,-9.52,1.0859999999999999e-06
1459600193670,-9.52,0.0
1459600193680,-9.52,7.240000000000001e-07
1459600193690,-9.52,0.0
1459600193700,-9.52,3.6200000000000004e-07
1459600193710,-9.52,0.0
1459600193720,-9.52,7.240000000000001e-07
1459600193730,-9.52,0.0
1459600193740,-9.52,7.240000000000001e-07
1459600193750,-9.52,0.0
1459600193760,-9.52,7.240000000000001e-07
1459600193770,-9.52,0.0
1459600193780,-9.52,7.240000000000001e-07
1459600193790,-9.52,0.0
1459600193800,-9.52,1.0859999999999999e-06
1459600193810,-9.52,0.0
1459600193820,-9.52,3.6200000000000004e-07
1459600193830,-9.52,0.0
1459600193840,-9.52,0.0
1459600193850,-9.52,0.0
1459600193860,-9.52,1.0859999999999999e-06
1459600193870,-9.52,0.0
1459600193880,-9.52,7.240000000000001e-07
1459600193890,-9.52,0.0
1459600193900,-9.52,7.240000000000001e-07
1459600193910,-9.52,0.0
1459600193920,-9.52,7.240000000000001e-07
1459600193930,-9.52,0.0
1459600193940,-9.52,3.6200000000000004e-07
1459600193950,-9.52,0.0
1459600193960,-9.52,0.0
1459600193970,-9.52,3.6200000000000004e-07
1459600193980,-9.52,0.0
1459600193990,-9.52,0.0
1459600194000,-9.52,1.0859999999999999e-06
1459600194010,-9.52,0.0
1459600194020,-9.52,3.6200000000000004e-07
1459600194030,-9.52,0.0
1459600194040,-9.52,7.240000000000001e-07
1459600194050,-9.52,0.0
1459600194060,-9.52,0.0
1459600194070,-9.52,0.0
1459600194080,-9.52,7.240000000000001e-07
1459600194090,-9.52,0.0
1459600194100,-9.52,0.0
1459600194110,-9.52,0.0
1459600194120,-9.52,7.240000000000001e-07
1459600194130,-9.52,0.0
1459600194140,-9.52,3.6200000000000004e-07
1459600194150,-9.52,1.0859999999999999e-06
1459600194160,-9.52,0.0
1459600194170,-9.52,0.0
1459600194180,-9.52,1.4480000000000002e-06
1459600194190,-9.52,0.0
1459600194200,-9.52,0.0
1459600194210,-9.52,0.0
1459600194220,-9.52,0.0
1459600194230,-9.52,7.240000000000001e-07
1459600194240,-9.52,3.6200000000000004e-07
1459600194250,-9.52,0.0
1459600194260,-9.52,7.240000000000001e-07
1459600194270,-9.52,0.0
1459600194280,-9.52,7.240000000000001e-07
1459600194290,-9.52,0.0
1459600194300,-9.52,3.6200000000000004e-07
1459600194310,-9.52,0.0
1459600194320,-9.52,3.6200000000000004e-07
1459600194330,-9.52,0.0
1459600194340,-9.52,7.240000000000001e-07
1459600194350,-9.52,1.0859999999999999e-06
1459600194360,-9.52,0.0
1459600194370,-9.52,0.0
1459600194380,-9.52,0.0
1459600194390,-9.52,0.0
1459600194400,-9.52,1.0859999999999999e-06
1459600194410,-9.52,0.0
1459600194420,-9.52,0.0
1459600194430,-9.52,7.240000000000001e-07
1459600194440,-9.52,3.6200000000000004e-07
1459600194450,-9.52,0.0
1459600194460,-9.52,3.6200000000000004e-07
1459600194470,-9.52,0.0
1459600194480,-9.52,7.240000000000001e-07
1459600194490,-9.52,0.0
1459600194500,-9.52,1.0859999999999999e-06
1459600194510,-9.52,0.0
1459600194520,-9.52,7.240000000000001e-07
1459600194530,-9.52,0.0
1459600194540,-9.52,3.6200000000000004e-07
1459600194550,-9.52,0.0
1459600194560,-9.52,7.240000000000001e-07
1459600194570,-9.52,0.0
1459600194580,-9.52,3.6200000000000004e-07
1459600194590,-9.52,3.6200000000000004e-07
1459600194600,-9.52,3.6200000000000004e-07
1459600194610,-9.52,0.0
1459600194620,-9.52,7.240000000000001e-07
1459600194630,-9.52,0.0
1459600194640,-9.52,7.240000000000001e-07
1459600194650,-9.52,0.0
1459600194660,-9.52,7.240000000000001e-07
1459600194670,-9.52,0.0
1459600194680,-9.52,1.0859999999999999e-06
1459600194690,-9.52,0.0
1459600194700,-9.52,0.0
1459600194710,-9.52,0.0
1459600194720,-9.52,0.0
1459600194730,-9.52,3.6200000000000004e-07
1459600194740,-9.52,1.0859999999999999e-06
1459600194750,-9.52,0.0
1459600194760,-9.52,3.6200000000000004e-07
1459600194770,-9.52,0.0
1459600194780,-9.52,3.6200000000000004e-07
1459600194790,-9.52,0.0
1459600194800,-9.52,1.4480000000000002e-06
1459600194810,-9.52,0.0
1459600194820,-9.52,3.6200000000000004e-07
1459600194830,-9.52,0.0
1459600194840,-9.52,3.6200000000000004e-07
1459600194850,-9.52,0.0
1459600194860,-9.52,0.0
1459600194870,-9.52,0.0
1459600194880,-9.52,1.81e-06
1459600194890,-9.52,0.0
1459600194900,-9.52,0.0
1459600194910,-9.52,0.0
1459600194920,-9.52,7.240000000000001e-07
1459600194930,-9.52,0.0
1459600194940,-9.52,0.0
1459600194950,-9.52,0.0
1459600194960,-9.52,7.240000000000001e-07
1459600194970,-9.52,0.0
1459600194980,-9.52,0.0
1459600194990,-9.52,3.6200000000000004e-07
1459600195000,-9.52,0.0
1459600195010,-9.52,0.0
1459600195020,-9.52,7.240000000000001e-07
1459600195030,-9.52,3.6200000000000004e-07
1459600195040,-9.52,3.6200000000000004e-07
1459600195050,-9.52,3.6200000000000004e-07
1459600195060,-9.52,3.6200000000000004e-07
1459600195070,-9.52,0.0
1459600195080,-9.52,7.240000000000001e-07
1459600195090,-9.52,0.0
1459600195100,-9.52,1.0859999999999999e-06
1459600195110,-9.52,0.0
1459600195120,-9.52,3.6200000000000004e-07
1459600195130,-9.52,0.0
1459600195140,-9.52,3.6200000000000004e-07
1459600195150,-9.52,0.0
1459600195160,-9.52,0.0
1459600195170,-9.52,0.0
1459600195180,-9.52,3.6200000000000004e-07
1459600195190,-9.52,0.0
1459600195200,-9.52,1.0859999999999999e-06
1459600195210,-9.52,0.0
1459600195220,-9.52,7.240000000000001e-07
1459600195230,-9.52,0.0
1459600195240,-9.52,3.6200000000000004e-07
1459600195250,-9.52,0.0
1459600195260,-9.52,3.6200000000000004e-07
1459600195270,-9.52,0.0
1459600195280,-9.52,0.0
1459600195290,-9.52,0.0
1459600195300,-9.52,1.0859999999999999e-06
1459600195310,-9.52,0.0
1459600195320,-9.52,7.240000000000001e-07
1459600195330,-9.52,0.0
1459600195340,-9.52,1.0859999999999999e-06
1459600195350,-9.52,0.0
1459600195360,-9.52,0.0
1459600195370,-9.52,0.0
1459600195380,-9.52,3.6200000000000004e-07
1459600195390,-9.52,0.0
1459600195400,-9.52,7.240000000000001e-07
1459600195410,-9.52,0.0
1459600195420,-9.52,3.6200000000000004e-07
1459600195430,-9.52,0.0
1459600195440,-9.52,7.240000000000001e-07
1459600195450,-9.52,0.0
1459600195460,-9.52,7.240000000000001e-07
1459600195470,-9.52,0.0
1459600195480,-9.52,0.0
1459600195490,-9.52,0.0
1459600195500,-9.52,7.240000000000001e-07
1459600195510,-9.52,0.0
1459600195520,-9.52,3.6200000000000004e-07
1459600195530,-9.52,0.0
1459600195540,-9.52,7.240000000000001e-07
1459600195550,-9.52,0.0
1459600195560,-9.52,3.6200000000000004e-07
1459600195570,-9.52,3.6200000000000004e-07
1459600195580,-9.52,3.6200000000000004e-07
1459600195590,-9.52,7.240000000000001e-07
1459600195600,-9.52,3.6200000000000004e-07
1459600195610,-9.52,0.0
1459600195620,-9.52,7.240000000000001e-07
1459600195630,-9.52,0.0
1459600195640,-9.52,3.6200000000000004e-07
1459600195650,-9.52,0.0
1459600195660,-9.52,3.6200000000000004e-07
1459600195670,-9.52,0.0
1459600195680,-9.52,7.240000000000001e-07
1459600195690,-9.52,0.0
1459600195700,-9.52,3.6200000000000004e-07
1459600195710,-9.52,0.0
1459600195720,-9.52,0.0
1459600195730,-9.52,0.0
1459600195740,-9.52,1.0859999999999999e-06
1459600195750,-9.52,3.6200000000000004e-07
1459600195760,-9.52,3.6200000000000004e-07
1459600195770,-9.52,3.6200000000000004e-07
1459600195780,-9.52,3.6200000000000004e-07
1459600195790,-9.52,0.0
1459600195800,-9.52,0.0
1459600195810,-9.52,3.6200000000000004e-07
1459600195820,-9.52,3.6200000000000004e-07
1459600195830,-9.52,0.0
1459600195840,-9.52,1.4480000000000002e-06
1459600195850,-9.52,0.0
1459600195860,-9.52,0.0
1459600195870,-9.52,0.0
1459600195880,-9.52,3.6200000000000004e-07
1459600195890,-9.52,3.6200000000000004e-07
1459600195900,-9.52,3.6200000000000004e-07
1459600195910,-9.52,7.240000000000001e-07
1459600195920,-9.52,0.0
1459600195930,-9.52,0.0
1459600195940,-9.52,7.240000000000001e-07
1459600195950,-9.52,0.0
1459600195960,-9.52,0.0
1459600195970,-9.52,3.6200000000000004e-07
1459600195980,-9.52,3.6200000000000004e-07
1459600195990,-9.52,0.0
1459600196000,-9.52,0.0
1459600196010,-9.52,7.240000000000001e-07
1459600196020,-9.52,0.0
1459600196030,-9.52,0.0
1459600196040,-9.52,2.5340000000000002e-06
1459600196050,-9.52,0.0
1459600196060,-9.52,0.0
1459600196070,-9.52,0.0
1459600196080,-9.52,7.240000000000001e-07
1459600196090,-9.52,0.0
1459600196100,-9.52,0.0
1459600196110,-9.52,0.0
1459600196120,-9.52,3.6200000000000004e-07
1459600196130,-9.52,0.0
1459600196140,-9.52,3.6200000000000004e-07
1459600196150,-9.52,0.0
1459600196160,-9.52,1.4480000000000002e-06
1459600196170,-9.52,0.0
1459600196180,-9.52,0.0
1459600196190,-9.52,0.0
1459600196200,-9.52,7.240000000000001e-07
1459600196210,-9.52,0.0
1459600196220,-9.52,0.0
1459600196230,-9.52,0.0
1459600196240,-9.52,1.0859999999999999e-06
1459600196250,-9.52,0.0
1459600196260,-9.52,3.6200000000000004e-07
1459600196270,-9.52,0.0
1459600196280,-9.52,0.0
1459600196290,-9.52,3.6200000000000004e-07
1459600196300,-9.52,7.240000000000001e-07
1459600196310,-9.52,0.0
1459600196320,-9.52,1.0859999999999999e-06
1459600196330,-9.52,0.0
1459600196340,-9.52,0.0
1459600196350,-9.52,0.0
1459600196360,-9.52,7.240000000000001e-07
1459600196370,-9.52,0.0
1459600196380,-9.52,0.0
1459600196390,-9.52,0.0
1459600196400,-9.52,1.0859999999999999e-06
1459600196410,-9.52,7.240000000000001e-07
1459600196420,-9.52,3.6200000000000004e-07
1459600196430,-9.52,0.0
1459600196440,-9.52,0.0
1459600196450,-9.52,3.6200000000000004e-07
1459600196460,-9.52,3.6200000000000004e-07
1459600196470,-9.52,3.6200000000000004e-07
1459600196480,-9.52,3.6200000000000004e-07
1459600196490,-9.52,0.0
1459600196500,-9.52,3.6200000000000004e-07
1459600196510,-9.52,0.0
1459600196520,-9.52,3.6200000000000004e-07
1459600196530,-9.52,0.0
1459600196540,-9.52,3.6200000000000004e-07
1459600196550,-9.52,0.0
1459600196560,-9.52,1.4480000000000002e-06
1459600196570,-9.52,0.0
1459600196580,-9.52,3.6200000000000004e-07
1459600196590,-9.52,0.0
1459600196600,-9.52,3.6200000000000004e-07
1459600196610,-9.52,0.0
1459600196620,-9.52,3.6200000000000004e-07
1459600196630,-9.52,0.0
1459600196640,-9.52,7.240000000000001e-07
1459600196650,-9.52,0.0
1459600196660,-9.52,0.0
1459600196670,-9.52,0.0
1459600196680,-9.52,0.0
1459600196690,-9.52,0.0
1459600196700,-9.52,0.0
1459600196710,-9.52,3.6200000000000004e-07
1459600196720,-9.52,0.0
1459600196730,-9.52,0.0
1459600196740,-9.52,1.0859999999999999e-06
1459600196750,-9.52,0.0
1459600196760,-9.52,3.6200000000000004e-07
1459600196770,-9.52,3.6200000000000004e-07
1459600196780,-9.52,3.6200000000000004e-07
1459600196790,-9.52,0.0
1459600196800,-9.52,7.240000000000001e-07
1459600196810,-9.52,0.0
1459600196820,-9.52,3.6200000000000004e-07
1459600196830,-9.52,0.0
1459600196840,-9.52,3.6200000000000004e-07
1459600196850,-9.52,0.0
1459600196860,-9.52,0.0
1459600196870,-9.52,0.0
1459600196880,-9.52,1.81e-06
1459600196890,-9.52,0.0
1459600196900,-9.52,0.0
1459600196910,-9.52,0.0
1459600196920,-9.52,7.240000000000001e-07
1459600196930,-9.52,0.0
1459600196940,-9.52,0.0
1459600196950,-9.52,0.0
1459600196960,-9.52,3.6200000000000004e-07
1459600196970,-9.52,0.0
1459600196980,-9.52,3.6200000000000004e-07
1459600196990,-9.52,0.0
1459600197000,-9.52,3.6200000000000004e-07
1459600197010,-9.52,7.240000000000001e-07
1459600197020,-9.52,3.6200000000000004e-07
1459600197030,-9.52,0.0
1459600197040,-9.52,0.0
1459600197050,-9.52,0.0
1459600197060,-9.52,3.6200000000000004e-07
1459600197070,-9.52,3.6200000000000004e-07
1459600197080,-9.52,1.4480000000000002e-06
1459600197090,-9.52,0.0
1459600197100,-9.52,0.0
1459600197110,-9.52,0.0
1459600197120,-9.52,0.0
1459600197130,-9.52,0.0
1459600197140,-9.52,1.0859999999999999e-06
1459600197150,-9.52,0.0
1459600197160,-9.52,3.6200000000000004e-07
1459600197170,-9.52,0.0
1459600197180,-9.52,3.6200000000000004e-07
1459600197190,-9.52,0.0
1459600197200,-9.52,3.6200000000000004e-07
1459600197210,-9.52,0.0
1459600197220,-9.52,1.0859999999999999e-06
1459600197230,-9.52,0.0
1459600197240,-9.52,3.6200000000000004e-07
1459600197250,-9.52,0.0
1459600197260,-9.52,3.6200000000000004e-07
1459600197270,-9.52,0.0
1459600197280,-9.52,3.6200000000000004e-07
1459600197290,-9.52,0.0
1459600197300,-9.52,1.0859999999999999e-06
1459600197310,-9.52,0.0
1459600197320,-9.52,0.0
1459600197330,-9.52,0.0
1459600197340,-9.52,0.0
1459600197350,-9.52,7.240000000000001e-07
1459600197360,-9.52,3.6200000000000004e-07
1459600197370,-9.52,0.0
1459600197380,-9.52,0.0
1459600197390,-9.52,0.0
1459600197400,-9.52,3.6200000000000004e-07
1459600197410,-9.52,0.0
1459600197420,-9.52,3.6200000000000004e-07
1459600197430,-9.52,3.6200000000000004e-07
1459600197440,-9.52,0.0
1459600197450,-9.52,0.0
1459600197460,-9.52,1.0859999999999999e-06
1459600197470,-9.52,0.0
1459600197480,-9.52,0.0
1459600197490,-9.52,3.6200000000000004e-07
1459600197500,-9.52,3.6200000000000004e-07
1459600197510,-9.52,0.0
1459600197520,-9.52,7.240000000000001e-07
1459600197530,-9.52,0.0
1459600197540,-9.52,0.0
1459600197550,-9.52,0.0
1459600197560,-9.52,3.6200000000000004e-07
1459600197570,-9.52,0.0
1459600197580,-9.52,3.6200000000000004e-07
1459600197590,-9.52,3.6200000000000004e-07
1459600197600,-9.52,0.0
1459600197610,-9.52,3.6200000000000004e-07
1459600197620,-9.52,3.6200000000000004e-07
1459600197630,-9.52,0.0
1459600197640,-9.52,7.240000000000001e-07
1459600197650,-9.52,0.0
1459600197660,-9.52,3.6200000000000004e-07
1459600197670,-9.52,0.0
1459600197680,-9.52,7.240000000000001e-07
1459600197690,-9.52,3.6200000000000004e-07
1459600197700,-9.52,0.0
1459600197710,-9.52,0.0
1459600197720,-9.52,7.240000000000001e-07
1459600197730,-9.52,0.0
1459600197740,-9.52,7.240000000000001e-07
1459600197750,-9.52,3.6200000000000004e-07
1459600197760,-9.52,1.4480000000000002e-06
1459600197770,-9.52,0.0
1459600197780,-9.52,0.0
1459600197790,-9.52,0.0
1459600197800,-9.52,3.6200000000000004e-07
1459600197810,-9.52,3.6200000000000004e-07
1459600197820,-9.52,7.240000000000001e-07
1459600197830,-9.52,0.0
1459600197840,-9.52,3.6200000000000004e-07
1459600197850,-9.52,0.0
1459600197860,-9.52,3.6200000000000004e-07
1459600197870,-9.52,0.0
1459600197880,-9.52,3.6200000000000004e-07
1459600197890,-9.52,0.0
1459600197900,-9.52,3.6200000000000004e-07
1459600197910,-9.52,0.0
1459600197920,-9.52,3.6200000000000004e-07
1459600197930,-9.52,0.0
1459600197940,-9.52,1.0859999999999999e-06
1459600197950,-9.52,0.0
1459600197960,-9.52,3.6200000000000004e-07
1459600197970,-9.52,0.0
1459600197980,-9.52,7.240000000000001e-07
1459600197990,-9.52,0.0
1459600198000,-9.52,7.240000000000001e-07
1459600198010,-9.52,0.0
1459600198020,-9.52,3.6200000000000004e-07
1459600198030,-9.52,0.0
1459600198040,-9.52,7.240000000000001e-07
1459600198050,-9.52,0.0
1459600198060,-9.52,3.6200000000000004e-07
1459600198070,-9.52,0.0
1459600198080,-9.52,0.0
1459600198090,-9.52,0.0
1459600198100,-9.52,3.6200000000000004e-07
1459600198110,-9.52,0.0
1459600198120,-9.52,7.240000000000001e-07
1459600198130,-9.52,0.0
1459600198140,-9.52,3.6200000000000004e-07
1459600198150,-9.52,3.6200000000000004e-07
1459600198160,-9.52,3.6200000000000004e-07
1459600198170,-9.52,0.0
1459600198180,-9.52,3.6200000000000004e-07
1459600198190,-9.52,0.0
1459600198200,-9.52,7.240000000000001e-07
1459600198210,-9.52,0.0
1459600198220,-9.52,0.0
1459600198230,-9.52,0.0
1459600198240,-9.52,7.240000000000001e-07
1459600198250,-9.52,0.0
1459600198260,-9.52,3.6200000000000004e-07
1459600198270,-9.52,0.0
1459600198280,-9.52,7.240000000000001e-07
1459600198290,-9.52,0.0
1459600198300,-9.52,7.240000000000001e-07
1459600198310,-9.52,0.0
1459600198320,-9.52,3.6200000000000004e-07
1459600198330,-9.52,0.0
1459600198340,-9.52,1.0859999999999999e-06
1459600198350,-9.52,0.0
1459600198360,-9.52,0.0
1459600198370,-9.52,0.0
1459600198380,-9.52,1.0859999999999999e-06
1459600198390,-9.52,0.0
1459600198400,-9.52,3.6200000000000004e-07
1459600198410,-9.52,0.0
1459600198420,-9.52,1.0859999999999999e-06
1459600198430,-9.52,0.0
1459600198440,-9.52,7.240000000000001e-07
1459600198450,-9.52,0.0
1459600198460,-9.52,0.0
1459600198470,-9.52,3.6200000000000004e-07
1459600198480,-9.52,7.240000000000001e-07
1459600198490,-9.52,0.0
1459600198500,-9.52,3.6200000000000004e-07
1459600198510,-9.52,0.0
1459600198520,-9.52,3.6200000000000004e-07
1459600198530,-9.52,0.0
1459600198540,-9.52,1.4480000000000002e-06
1459600198550,-9.52,0.0
1459600198560,-9.52,0.0
1459600198570,-9.52,0.0
1459600198580,-9.52,7.240000000000001e-07
1459600198590,-9.52,0.0
1459600198600,-9.52,7.240000000000001e-07
1459600198610,-9.52,0.0
1459600198620,-9.52,7.240000000000001e-07
1459600198630,-9.52,0.0
1459600198640,-9.52,3.6200000000000004e-07
1459600198650,-9.52,0.0
1459600198660,-9.52,3.6200000000000004e-07
1459600198670,-9.52,0.0
1459600198680,-9.52,3.6200000000000004e-07
1459600198690,-9.52,0.0
1459600198700,-9.52,3.6200000000000004e-07
1459600198710,-9.52,0.0
1459600198720,-9.52,3.6200000000000004e-07
1459600198730,-9.52,3.6200000000000004e-07
1459600198740,-9.52,3.6200000000000004e-07
1459600198750,-9.52,0.0
1459600198760,-9.52,7.240000000000001e-07
1459600198770,-9.52,3.6200000000000004e-07
1459600198780,-9.52,3.6200000000000004e-07
1459600198790,-9.52,3.6200000000000004e-07
1459600198800,-9.52,3.6200000000000004e-07
1459600198810,-9.52,0.0
1459600198820,-9.52,1.0859999999999999e-06
1459600198830,-9.52,3.6200000000000004e-07
1459600198840,-9.52,3.6200000000000004e-07
1459600198850,-9.52,0.0
1459600198860,-9.52,3.6200000000000004e-07
1459600198870,-9.52,3.6200000000000004e-07
1459600198880,-9.52,0.0
1459600198890,-9.52,0.0
1459600198900,-9.52,1.0859999999999999e-06
1459600198910,-9.52,0.0
1459600198920,-9.52,3.6200000000000004e-07
1459600198930,-9.52,0.0
1459600198940,-9.52,3.6200000000000004e-07
1459600198950,-9.52,0.0
1459600198960,-9.52,3.6200000000000004e-07
1459600198970,-9.52,3.6200000000000004e-07
1459600198980,-9.52,1.0859999999999999e-06
1459600198990,-9.52,0.0
1459600199000,-9.52,0.0
1459600199010,-9.52,0.0
1459600199020,-9.52,7.240000000000001e-07
1459600199030,-9.52,0.0
1459600199040,-9.52,3.6200000000000004e-07
1459600199050,-9.52,0.0
1459600199060,-9.52,1.4480000000000002e-06
1459600199070,-9.52,0.0
1459600199080,-9.52,7.240000000000001e-07
1459600199090,-9.52,0.0
1459600199100,-9.52,7.240000000000001e-07
1459600199110,-9.52,0.0
1459600199120,-9.52,7.240000000000001e-07
1459600199130,-9.52,0.0
1459600199140,-9.52,3.6200000000000004e-07
1459600199150,-9.52,0.0
1459600199160,-9.52,1.0859999999999999e-06
1459600199170,-9.52,0.0
1459600199180,-9.52,7.240000000000001e-07
1459600199190,-9.52,0.0
1459600199200,-9.52,7.240000000000001e-07
1459600199210,-9.52,0.0
1459600199220,-9.52,0.0
1459600199230,-9.52,0.0
1459600199240,-9.52,3.6200000000000004e-07
1459600199250,-9.52,0.0
1459600199260,-9.52,7.240000000000001e-07
1459600199270,-9.52,0.0
1459600199280,-9.52,3.6200000000000004e-07
1459600199290,-9.52,0.0
1459600199300,-9.52,0.0
1459600199310,-9.52,3.6200000000000004e-07
1459600199320,-9.52,7.240000000000001e-07
1459600199330,-9.52,0.0
1459600199340,-9.52,3.6200000000000004e-07
1459600199350,-9.52,0.0
1459600199360,-9.52,7.240000000000001e-07
1459600199370,-9.52,0.0
1459600199380,-9.52,0.0
1459600199390,-9.52,3.6200000000000004e-07
1459600199400,-9.52,3.6200000000000004e-07
1459600199410,-9.52,0.0
1459600199420,-9.52,3.6200000000000004e-07
1459600199430,-9.52,0.0
1459600199440,-9.52,7.240000000000001e-07
1459600199450,-9.52,0.0
1459600199460,-9.52,0.0
1459600199470,-9.52,0.0
1459600199480,-9.52,1.0859999999999999e-06
1459600199490,-9.52,0.0
1459600199500,-9.52,7.240000000000001e-07
1459600199510,-9.52,0.0
1459600199520,-9.52,1.0859999999999999e-06
1459600199530,-9.52,0.0
1459600199540,-9.52,3.6200000000000004e-07
1459600199550,-9.52,3.6200000000000004e-07
1459600199560,-9.52,7.240000000000001e-07
1459600199570,-9.52,3.6200000000000004e-07
1459600199580,-9.52,0.0
1459600199590,-9.52,0.0
1459600199600,-9.52,1.0859999999999999e-06
1459600199610,-9.52,0.0
1459600199620,-9.52,3.6200000000000004e-07
1459600199630,-9.52,0.0
1459600199640,-9.52,3.6200000000000004e-07
1459600199650,-9.52,0.0
1459600199660,-9.52,3.6200000000000004e-07
1459600199670,-9.52,0.0
1459600199680,-9.52,3.6200000000000004e-07
1459600199690,-9.52,0.0
1459600199700,-9.52,7.240000000000001e-07
1459600199710,-9.52,3.6200000000000004e-07
1459600199720,-9.52,7.240000000000001e-07
1459600199730,-9.52,0.0
1459600199740,-9.52,1.0859999999999999e-06
1459600199750,-9.52,0.0
1459600199760,-9.52,3.6200000000000004e-07
1459600199770,-9.52,0.0
1459600199780,-9.52,7.240000000000001e-07
1459600199790,-9.52,0.0
1459600199800,-9.52,0.0
1459600199810,-9.52,0.0
1459600199820,-9.52,1.4480000000000002e-06
1459600199830,-9.52,0.0
1459600199840,-9.52,7.240000000000001e-07
1459600199850,-9.52,0.0
1459600199860,-9.52,7.240000000000001e-07
1459600199870,-9.52,0.0
1459600199880,-9.52,0.0
1459600199890,-9.52,0.0
1459600199900,-9.52,7.240000000000001e-07
1459600199910,-9.52,0.0
1459600199920,-9.52,0.0
1459600199930,-9.52,0.0
1459600199940,-9.52,1.4480000000000002e-06
1459600199950,-9.52,0.0
1459600199960,-9.52,7.240000000000001e-07
1459600199970,-9.52,0.0
1459600199980,-9.52,7.240000000000001e-07
1459600199990,-9.52,0.0
1459600200000,-9.52,0.0
1459600200010,-9.52,0.0
1459600200020,-9.52,3.6200000000000004e-07
1459600200030,-9.52,3.6200000000000004e-07
1459600200040,-9.52,7.240000000000001e-07
1459600200050,-9.52,0.0
1459600200060,-9.52,3.6200000000000004e-07
1459600200070,-9.52,3.6200000000000004e-07
1459600200080,-9.52,3.6200000000000004e-07
1459600200090,-9.52,3.6200000000000004e-07
1459600200100,-9.52,3.6200000000000004e-07
1459600200110,-9.52,0.0
1459600200120,-9.52,1.0859999999999999e-06
1459600200130,-9.52,0.0
1459600200140,-9.52,0.0
1459600200150,-9.52,0.0
1459600200160,-9.52,3.6200000000000004e-07
1459600200170,-9.52,0.0
1459600200180,-9.52,1.0859999999999999e-06
1459600200190,-9.52,3.6200000000000004e-07
1459600200200,-9.52,7.240000000000001e-07
1459600200210,-9.52,0.0
1459600200220,-9.52,3.6200000000000004e-07
1459600200230,-9.52,3.6200000000000004e-07
1459600200240,-9.52,7.240000000000001e-07
1459600200250,-9.52,0.0
1459600200260,-9.52,3.6200000000000004e-07
1459600200270,-9.52,0.0
1459600200280,-9.52,0.0
1459600200290,-9.52,3.6200000000000004e-07
1459600200300,-9.52,0.0
1459600200310,-9.52,0.0
1459600200320,-9.52,3.6200000000000004e-07
1459600200330,-9.52,0.0
1459600200340,-9.52,3.6200000000000004e-07
1459600200350,-9.52,0.0
1459600200360,-9.52,3.6200000000000004e-07
1459600200370,-9.52,0.0
1459600200380,-9.52,7.240000000000001e-07
1459600200390,-9.52,0.0
1459600200400,-9.52,3.6200000000000004e-07
1459600200410,-9.52,7.240000000000001e-07
1459600200420,-9.52,3.6200000000000004e-07
1459600200430,-9.52,0.0
1459600200440,-9.52,3.6200000000000004e-07
1459600200450,-9.52,0.0
1459600200460,-9.52,3.6200000000000004e-07
1459600200470,-9.52,0.0
1459600200480,-9.52,3.6200000000000004e-07
